<?xml version="1.0"?>
<opencv_storage>
<Descriptors type_id="opencv-matrix">
  <rows>28</rows>
  <cols>64</cols>
  <dt>f</dt>
  <data>
    -5.99701016e-005 1.26680839e-004 9.20642560e-005 1.27929685e-004
    4.62270000e-005 4.17135088e-005 1.56570299e-004 3.54272692e-004
    6.32298887e-002 -6.19150652e-003 6.32747486e-002 1.49215208e-002
    2.61709956e-005 8.73147383e-006 2.61709956e-005 1.08981221e-005
    4.99924924e-003 -1.15481522e-002 1.76090468e-002 5.62793203e-002
    -6.73105046e-002 8.94622505e-002 2.43257612e-001 1.86438739e-001
    4.30767477e-001 -7.35746324e-002 4.31693107e-001 2.31786147e-001 0.
    0. 0. 0. -1.91520667e-003 6.50390889e-003 5.33604342e-003
    6.83493912e-003 1.79828718e-001 1.74806297e-001 3.52746367e-001
    2.98688948e-001 1.96013957e-001 2.16275528e-001 1.96939588e-001
    2.16275528e-001 0. 0. 0. 0. -7.35722540e-004 2.18191254e-003
    1.00964131e-002 2.52426928e-003 2.60303803e-002 1.51568921e-002
    3.13538052e-002 3.39483097e-002 4.97419038e-004 3.91711983e-005
    4.97419038e-004 3.54038639e-004 0. 0. 0. 0. -7.94517575e-004
    9.95085761e-003 4.26344154e-003 9.95861832e-003 -1.33237112e-002
    -4.18686606e-002 8.80610645e-002 7.40415007e-002 5.45890816e-002
    -9.76081751e-003 5.46243191e-002 1.81380361e-002 2.97463030e-005
    5.70566663e-005 3.29541654e-005 7.57872695e-005 -7.85586331e-003
    -6.30154386e-002 3.37578654e-002 7.19857663e-002 1.64535180e-001
    1.42049611e-001 4.38375384e-001 4.37184423e-001 1.46316305e-001
    7.01318160e-002 1.46822467e-001 7.26427138e-002 0. 0. 0. 0.
    -1.52265793e-002 2.30664015e-002 2.40765829e-002 2.73088422e-002
    3.76839161e-001 -8.43667686e-002 3.98689955e-001 3.90128285e-001
    7.58274645e-002 -9.98986419e-003 7.62892216e-002 4.03936282e-002 0.
    0. 0. 0. 6.84667204e-004 5.52637456e-003 1.82340678e-003
    5.55876922e-003 2.05077156e-002 5.21044852e-003 7.56632909e-002
    4.74350378e-002 8.01559712e-004 3.06968606e-004 8.01559712e-004
    4.70136991e-004 0. 0. 0. 0. 1.31188682e-003 -3.05719068e-003
    1.31188682e-003 3.05719068e-003 2.40430720e-002 -5.74956164e-002
    2.40513012e-002 5.77108897e-002 3.64973620e-002 -2.07356736e-002
    3.67820039e-002 2.10975427e-002 0. 0. 0. 0. -1.17783246e-004
    2.56358326e-004 1.44051795e-004 2.56358326e-004 1.52991770e-003
    -2.65909126e-003 2.99813924e-003 3.35814687e-003 4.64628965e-001
    -7.56922513e-002 4.65997398e-001 1.28082842e-001 5.12565603e-004
    5.55489896e-005 5.12565603e-004 1.93867920e-004 -2.83309980e-003
    1.17242979e-002 1.06196515e-002 6.28375858e-002 -4.94038798e-002
    9.18815807e-002 8.12108219e-002 1.41702339e-001 4.64190722e-001
    1.69651415e-002 4.64190722e-001 2.13032842e-001 0. 0. 0. 0.
    3.33696335e-005 1.37496492e-004 1.75165871e-004 1.91202358e-004
    5.17670065e-003 1.03377947e-003 7.85809755e-002 2.63068434e-002
    4.79458310e-002 4.21417467e-002 4.79458310e-002 4.21485901e-002 0.
    0. 0. 0. -5.64139755e-003 -1.40246260e-003 6.00513397e-003
    3.39952623e-003 4.76103462e-003 -4.22229022e-002 8.35280865e-003
    4.22229022e-002 4.50716279e-002 -3.24055143e-002 4.50716279e-002
    3.24236304e-002 0. 0. 0. 0. -2.46695317e-002 2.25172713e-002
    5.18589467e-002 3.33099701e-002 -8.70973170e-002 6.33258894e-002
    1.47842288e-001 2.72025079e-001 3.14421326e-001 -4.98598395e-003
    3.59599590e-001 2.31401756e-001 0. 0. 0. 0. 1.44151517e-003
    -5.73035749e-003 2.91198362e-002 1.85688213e-002 -2.17443313e-002
    1.58434212e-001 3.24551523e-001 4.05058831e-001 7.85036311e-002
    1.98741443e-002 4.08520341e-001 3.37298185e-001 1.06599997e-003
    -2.31222468e-004 1.13822322e-003 1.41937099e-003 3.54591222e-003
    -1.14033304e-004 5.79913752e-003 1.03382312e-003 -3.83935161e-002
    1.21510786e-003 5.18687963e-002 4.20399904e-002 4.38072681e-002
    2.15938501e-002 4.68273871e-002 4.47014123e-002 0. 0. 0. 0.
    1.20821263e-004 -2.85687088e-003 7.75770401e-004 2.99029727e-003
    6.18623709e-003 -1.82132144e-002 9.02853254e-003 1.83408447e-002
    5.40364534e-002 -1.34247970e-002 5.40364534e-002 1.84672698e-002 0.
    0. 0. 0. -3.46765965e-002 2.44037472e-002 3.81957814e-002
    2.54791640e-002 9.92691517e-003 -3.22632231e-002 8.60139802e-002
    2.67864913e-001 3.30449253e-001 -5.02249375e-002 3.78200561e-001
    2.59503543e-001 -9.27771544e-006 -1.73976005e-005 9.27771544e-006
    1.73976005e-005 -9.23183281e-003 1.83782708e-002 3.28898095e-002
    5.48973680e-002 1.75553700e-003 2.59768039e-001 2.81566113e-001
    3.22528362e-001 5.76937422e-002 2.91295201e-002 4.57969964e-001
    3.18415821e-001 3.79324891e-002 -5.70389302e-003 3.79711650e-002
    1.88984163e-002 -4.62076673e-003 2.45897076e-003 7.60770869e-003
    4.35097748e-003 4.73285606e-003 -2.28108726e-002 4.75560166e-002
    5.88175580e-002 6.32214965e-003 -2.46237610e-002 5.52904494e-002
    5.09012975e-002 5.77010505e-004 1.89706712e-004 5.77010505e-004
    2.52101338e-004 -8.40804059e-005 -2.77845189e-004 9.87606036e-005
    2.77845189e-004 5.88590745e-003 -3.79080977e-003 5.94739988e-003
    4.64176852e-003 5.87675720e-002 -4.79434133e-002 5.87675720e-002
    5.04384264e-002 0. 0. 0. 0. 5.25372243e-003 3.28864111e-003
    3.00320145e-002 2.84193344e-002 3.72432657e-002 -5.95919788e-002
    1.07191212e-001 3.22415799e-001 2.96689659e-001 9.93057527e-003
    3.96692872e-001 2.50167072e-001 6.63982282e-005 -6.63982282e-005
    6.63982282e-005 6.63982282e-005 -7.48131797e-002 3.77350673e-002
    7.89606795e-002 5.31318337e-002 6.16202764e-002 2.91474849e-001
    1.16114721e-001 2.93344676e-001 1.39813870e-001 -7.30118249e-003
    4.92017031e-001 2.77505845e-001 3.86587009e-002 -1.76358223e-002
    3.86910103e-002 3.20560411e-002 -3.60135455e-003 -2.61532818e-003
    7.13264663e-003 1.08515639e-002 2.13660970e-002 -2.67009772e-002
    3.83752100e-002 3.06549650e-002 -2.24084333e-002 -1.05371978e-002
    7.04858527e-002 3.33966501e-002 5.18886000e-003 4.02957574e-003
    5.18886000e-003 4.22849180e-003 -5.95929887e-005 -2.67382038e-005
    5.95929887e-005 3.41571831e-005 -2.32620928e-002 -1.85087230e-002
    3.42758037e-002 3.57381180e-002 -2.24131104e-002 -9.32084862e-004
    3.36219519e-002 4.49783392e-002 8.36847030e-005 6.97265007e-003
    1.59989903e-003 7.13822665e-003 -2.57899500e-002 -8.63696262e-003
    2.59716492e-002 9.62519180e-003 -2.03391418e-001 -1.12833507e-001
    2.58246541e-001 3.88117373e-001 2.82575130e-001 8.03116933e-002
    3.03240597e-001 9.16093141e-002 -9.04243626e-003 1.07734362e-002
    9.46421828e-003 1.40832569e-002 -5.14218621e-002 1.17947487e-003
    5.15162461e-002 3.74699086e-002 2.47070678e-002 2.14717388e-001
    3.62375677e-001 3.83844584e-001 4.48187925e-002 -6.45112470e-002
    3.58048558e-001 2.39066884e-001 -8.48903973e-003 -3.51430438e-002
    1.23243518e-002 3.51430438e-002 -1.45744743e-005 2.67697702e-004
    6.77108037e-005 2.67697702e-004 -3.85878654e-003 4.85962737e-005
    5.06569678e-003 2.72701774e-003 -5.12156710e-002 -2.14897133e-002
    5.17764464e-002 2.72156615e-002 -1.01468344e-004 -2.32193284e-004
    1.50183667e-004 2.76766077e-004 3.86502850e-003 -1.88948156e-003
    4.06457065e-003 1.90168107e-003 -1.51808383e-002 2.10608006e-003
    5.28279133e-002 6.21592440e-002 3.49307656e-002 -3.77297699e-002
    3.49307656e-002 3.87003869e-002 0. 0. 0. 0. 6.59557991e-003
    2.37707868e-002 1.96544826e-002 6.62303865e-002 3.10962778e-002
    -1.79031733e-002 2.79401302e-001 3.81606817e-001 1.74747199e-001
    -4.76814806e-002 3.51548493e-001 2.83148617e-001 6.75203162e-004
    -8.08782934e-005 8.04331095e-004 8.86745867e-004 7.20539968e-003
    9.01337713e-003 8.23456421e-003 1.22897141e-002 -3.18169624e-001
    2.28520762e-002 3.38647395e-001 1.57521322e-001 2.64491469e-001
    -1.16962753e-001 3.62914264e-001 2.41281226e-001 3.79610457e-003
    -3.15429121e-002 1.81052405e-002 3.74763310e-002 6.19125203e-004
