<?xml version="1.0"?>
<opencv_storage>
<Descriptors type_id="opencv-matrix">
  <rows>46</rows>
  <cols>64</cols>
  <dt>f</dt>
  <data>
    -3.69351590e-003 -9.74179537e-004 3.72404535e-003 2.25295569e-003
    -1.91679746e-002 -2.43303888e-002 2.38855220e-002 3.62619534e-002
    1.16800731e-002 -3.84819359e-002 1.88063588e-002 3.85283567e-002
    5.89637365e-003 -2.59980047e-003 5.91644179e-003 2.60748505e-003
    -6.21955888e-003 1.29210800e-002 7.40066264e-003 1.44412564e-002
    -2.55321234e-001 3.90821695e-002 2.88849980e-001 1.19483724e-001
    1.52674437e-001 2.35582944e-002 3.29090059e-001 2.54366487e-001
    1.99760739e-002 1.31066059e-004 3.62798758e-002 1.97455548e-002
    -1.31043624e-002 -2.50087809e-002 1.36065250e-002 2.50203852e-002
    -1.73875645e-001 -2.31553569e-001 4.95279342e-001 2.49615327e-001
    1.21340223e-001 9.72722247e-002 3.84357393e-001 2.02843413e-001
    4.36528698e-002 1.56827993e-003 6.77998662e-002 1.27470447e-002
    -2.61256355e-003 -2.80556385e-003 7.08742021e-003 1.12934662e-002
    3.87530029e-002 6.83653727e-002 4.30496894e-002 7.04372451e-002
    -1.51507370e-003 -9.44444677e-004 5.37756607e-002 2.82644778e-002
    3.90451471e-003 1.49383943e-003 4.48933756e-003 2.02926900e-003
    -4.62421216e-004 3.39195722e-005 4.62421216e-004 3.39195722e-005
    -5.68827800e-003 -1.51062338e-002 8.80162790e-003 1.56441610e-002
    5.56029333e-003 -6.95587229e-003 9.19864047e-003 1.02287019e-002
    8.46530529e-005 7.91044265e-004 8.46530529e-005 7.91044265e-004
    -1.69479046e-002 4.83699935e-003 2.21875943e-002 1.92889087e-002
    -1.21640794e-001 -3.17422710e-002 2.19724968e-001 2.96813279e-001
    2.45169863e-001 -9.18413699e-002 3.00097466e-001 1.50808290e-001
    -4.34238929e-004 -4.99411067e-003 1.12228666e-003 1.72386821e-002
    5.72174462e-003 -2.99061928e-002 1.57887489e-002 3.16836163e-002
    2.32618786e-002 -4.76242043e-002 6.08215988e-001 3.25997174e-001
    1.10280335e-001 5.80686480e-002 3.68147701e-001 1.68913335e-001
    1.00068888e-003 1.06813964e-002 1.04319770e-003 1.10258460e-002
    -7.86942802e-003 9.38270986e-003 8.27556103e-003 1.06380740e-002
    1.56025542e-002 1.27823800e-002 2.45040916e-002 1.61449313e-002
    1.79506689e-002 -1.02289412e-002 2.28924900e-002 2.33463701e-002
    5.10048238e-004 -3.36627156e-004 5.28802339e-004 3.45218461e-004
    4.27360274e-003 -3.02004488e-003 4.46335180e-003 7.50574516e-003
    -1.24246366e-002 7.60733662e-003 4.45864275e-002 4.69163731e-002
    3.75704058e-002 -2.37135757e-002 6.37878925e-002 3.03802155e-002
    -2.57265674e-005 -9.95655591e-006 6.38743804e-005 6.70128939e-005
    8.67011491e-003 -6.04619738e-003 2.39566229e-002 3.06266155e-002
    1.16825305e-001 3.49172428e-002 2.97911078e-001 1.90654293e-001
    5.33124357e-002 8.06449875e-002 2.35091537e-001 3.03269029e-001
    1.41074683e-003 -4.28619242e-004 1.41074683e-003 8.88977898e-004
    1.09300669e-002 2.12582648e-002 2.87392437e-002 3.04075629e-002
    1.01736814e-001 -5.66446781e-002 4.26419854e-001 2.96931833e-001
    -1.06633864e-001 -1.08021431e-001 3.87731880e-001 4.65452313e-001
    3.38143855e-002 -7.70882051e-003 3.48824263e-002 1.01006981e-002
    -4.59324243e-003 -4.20359778e-004 4.60819388e-003 1.32512453e-003
    2.64403690e-002 -1.52094022e-003 9.41320807e-002 2.57801916e-002
    -2.21067993e-003 1.17927492e-002 2.27322821e-002 3.10965646e-002
    2.52097426e-003 2.04167096e-003 2.71930569e-003 2.06501666e-003
    -3.92251601e-003 5.76297520e-003 4.53553023e-003 6.05666824e-003
    -1.23853795e-002 3.01458786e-004 3.36360820e-002 1.48697840e-002
    2.62361690e-002 2.10304316e-002 5.19895479e-002 2.52748560e-002
    -2.41254480e-003 4.05286206e-003 6.53948914e-003 6.18219282e-003
    -4.65912968e-002 -1.33345602e-002 4.76983897e-002 2.02216208e-002
    8.48900452e-002 8.01226571e-002 4.76199299e-001 4.49523628e-001
    -6.22342899e-002 5.67735359e-002 3.01386476e-001 3.96365941e-001
    4.91982959e-002 -2.23654546e-002 5.57280071e-002 2.85945237e-002
    -5.41240163e-002 9.50813014e-003 5.57537079e-002 2.38911714e-002
    2.35157833e-001 3.04700397e-002 2.87998438e-001 2.56424099e-001
    -1.34900734e-001 6.21377528e-002 1.82340771e-001 1.11393481e-001
    3.46811153e-002 3.38171162e-002 3.88866663e-002 3.38431858e-002
    -1.09957263e-003 3.83143888e-005 1.44927634e-003 9.02907777e-005
    2.39647226e-003 4.21539322e-003 6.83859782e-003 4.37184004e-003
    3.53033800e-004 2.95971200e-004 7.83400028e-004 2.95971200e-004
    -8.29941273e-005 9.78135631e-007 2.12764979e-004 5.19380628e-005
    -2.81963940e-003 -4.14801063e-003 3.28537193e-003 5.92879998e-003
    5.04741957e-003 -3.36464718e-002 1.62720885e-002 4.04963195e-002
    4.85715941e-002 -8.15393869e-003 4.90776561e-002 3.03692427e-002
    3.12550896e-004 -4.54124209e-004 4.84750286e-004 7.51690124e-004
    -5.77935427e-002 1.28518781e-002 5.86014949e-002 1.80279817e-002
    6.08169883e-002 1.72903333e-002 2.72061110e-001 2.05421701e-001
    2.80856192e-001 -5.79587296e-002 4.36979592e-001 1.71374500e-001
    -1.13990195e-002 -6.57391967e-003 1.19552333e-002 1.68343429e-002
    -8.68660733e-002 -3.87261920e-002 8.68660733e-002 3.90153080e-002
    8.77176747e-002 7.27610961e-002 4.08409923e-001 1.96382359e-001
    2.84065127e-001 -1.96978785e-002 4.67434555e-001 1.15859158e-001
    -1.44838169e-003 8.81301612e-003 6.37080520e-003 1.36833601e-002
    4.34851320e-003 8.50462262e-003 6.65055076e-003 1.12908902e-002
    3.80451954e-003 1.04133179e-002 6.12809472e-002 4.57550846e-002
    4.01282050e-002 2.48665866e-002 4.01668027e-002 2.49051880e-002
    6.52117131e-004 5.50874975e-004 6.56787539e-004 6.94153074e-004
    4.33874410e-003 -2.15674145e-003 7.23212725e-003 4.16754186e-003
    -1.67446095e-003 3.04455757e-002 3.31828967e-002 3.93646657e-002
    -4.71050432e-003 2.26948119e-004 3.56906652e-002 2.34620273e-002
    -4.62170783e-003 -2.33881315e-003 8.11507739e-003 7.88048655e-003
    -1.26626750e-003 6.30017417e-003 4.04221937e-002 5.60311787e-002
    -1.26050413e-001 1.00464765e-002 3.54666948e-001 2.64951289e-001
    1.04633011e-001 -1.00620063e-002 2.71263421e-001 2.70831972e-001
    -4.06036787e-002 1.09924497e-002 5.58111593e-002 6.48512095e-002
    -1.04914699e-002 1.50994277e-002 4.52763252e-002 6.34240806e-002
    -8.40216652e-002 -2.03665774e-002 1.97350219e-001 4.90491211e-001
    6.94512576e-002 -3.38616967e-002 4.32288915e-001 3.14228624e-001
    -5.79332300e-002 -1.07950494e-002 6.91878349e-002 1.43497847e-002
    4.65680341e-006 -1.20672184e-005 1.24326427e-004 8.00936032e-005
    -8.76504928e-003 2.49834061e-002 9.07285418e-003 2.52383538e-002
    -6.45822892e-003 8.71610045e-002 7.07835983e-003 8.71751681e-002
    -5.16102696e-003 1.08235674e-002 5.21852495e-003 1.08235674e-002
    4.50948766e-003 -5.50337485e-004 8.51314887e-003 3.89428483e-003
    -7.96328112e-003 1.22982776e-002 3.50651219e-002 3.23403813e-002
    9.16052517e-003 3.02827032e-003 4.53378372e-002 2.79488824e-002
    -1.10809682e-002 2.18019192e-003 1.13017773e-002 7.73369474e-003
    -2.11215345e-003 7.21271615e-003 5.25394492e-002 6.34925887e-002
    -1.02529570e-001 1.14532225e-002 3.73712540e-001 3.17110151e-001
    5.57803251e-002 9.54475552e-002 2.40571693e-001 2.35941857e-001
    -4.13070321e-002 1.60222705e-002 5.74101284e-002 7.53128231e-002
    -1.78748667e-002 1.40997646e-002 4.13896963e-002 6.26882911e-002
    -1.31899789e-001 -8.36749449e-002 2.34734893e-001 3.22890937e-001
    1.49639383e-001 -1.13220826e-001 5.13784409e-001 2.59669572e-001
    -7.56313279e-002 -2.60260087e-002 8.00421163e-002 2.99437251e-002
    3.42382300e-005 9.59583704e-005 1.34919697e-004 1.12342525e-004
    -1.78259145e-002 8.79724249e-002 1.78259145e-002 8.79969746e-002
    -4.68023447e-003 6.21713549e-002 1.22618685e-002 9.46929306e-002
    -9.70124826e-003 6.12582127e-003 9.70124826e-003 1.29332636e-002
