<?xml version="1.0"?>
<opencv_storage>
<Descriptors type_id="opencv-matrix">
  <rows>2</rows>
  <cols>64</cols>
  <dt>f</dt>
  <data>
    -2.81554618e-004 -7.08514126e-004 2.81554618e-004 7.08514126e-004
    7.35344505e-003 -3.49072320e-003 1.18033849e-002 4.39429516e-003
    4.73944135e-002 -3.25529790e-003 8.24921578e-002 6.78829290e-003
    2.15192419e-003 -1.69415594e-004 3.46125127e-003 6.24706619e-004
    -6.03916589e-004 3.06942547e-003 2.03566346e-003 7.61779724e-003
    1.02652572e-002 -3.00786365e-002 5.27904518e-002 7.45794848e-002
    3.95710260e-001 6.17544092e-002 5.30398667e-001 8.55297670e-002
    1.22910086e-002 2.49619922e-003 1.27503378e-002 1.66362152e-002
    -6.85125298e-004 -1.66482350e-003 6.66445214e-003 1.51494173e-002
    -5.48896827e-002 7.98916537e-003 1.19801722e-001 1.53505102e-001
    4.85768497e-001 -6.74401969e-002 4.85768497e-001 9.15218741e-002
    1.67174246e-002 -1.15979295e-002 1.67174246e-002 1.26325032e-002
    9.51018767e-004 4.53190878e-004 1.02936092e-003 1.33996946e-003
    -1.10555496e-002 -4.26014885e-003 1.60403661e-002 6.60468964e-003
    1.54049499e-002 -3.56513672e-002 1.60888582e-002 4.19092774e-002
    2.03520129e-003 -1.65771749e-002 2.24758033e-003 1.84569042e-002
    1.27696898e-003 -3.71085800e-004 2.38319836e-003 7.85021461e-004
    4.85686511e-002 -1.40979737e-002 5.36585934e-002 1.54594034e-002
    1.30984448e-002 3.99816222e-003 1.30984448e-002 5.53809665e-003
    1.08378800e-003 1.17542828e-003 1.48109824e-003 1.19792356e-003
    -5.16162254e-003 5.40338783e-003 8.01114459e-003 5.81669481e-003
    3.92804444e-001 1.40308395e-001 4.29474592e-001 2.13561028e-001
    1.34602427e-001 4.68374304e-002 1.47084147e-001 5.28198481e-002
    2.05945736e-003 8.29780661e-003 1.33608868e-002 8.71457160e-003
    -4.99634482e-002 2.47313399e-002 5.78932054e-002 6.44293278e-002
    2.66070664e-001 -2.62626648e-001 3.73961419e-001 2.75975198e-001
    2.30185866e-001 -1.49234682e-001 2.50786245e-001 1.67021468e-001
    7.03445077e-003 -4.53587668e-003 1.20106339e-002 6.70148153e-003
    -1.56674988e-003 -2.95784604e-003 1.56755513e-003 2.95784604e-003
    -4.78609372e-003 -4.91619017e-003 1.59456674e-002 6.34927396e-003
    7.05377758e-002 -2.43528038e-002 7.35615715e-002 2.47725118e-002
    2.46653426e-003 -1.00007257e-003 2.48750695e-003 1.30594079e-003</data></Descriptors>
</opencv_storage>
