<?xml version="1.0"?>
<opencv_storage>
<Descriptors type_id="opencv-matrix">
  <rows>21</rows>
  <cols>64</cols>
  <dt>f</dt>
  <data>
    2.07109656e-003 6.86131476e-004 6.78816531e-003 1.14740329e-002
    -6.54606288e-003 -2.68356428e-002 3.35637070e-002 5.69007806e-002
    5.05792424e-002 -2.94200014e-002 7.49393106e-002 5.24910055e-002
    4.35092673e-003 -1.30777834e-002 5.04180696e-003 1.30777834e-002
    -1.63194630e-002 -6.70301169e-002 7.72328898e-002 1.51920617e-001
    1.49352506e-001 5.65176224e-003 4.61790949e-001 1.64333120e-001
    -1.43616498e-001 -5.88319711e-002 3.32137913e-001 2.20946386e-001
    2.83336546e-002 -3.75649333e-002 3.84500511e-002 8.09623301e-002
    1.23440949e-002 -8.34965426e-003 1.27125746e-002 1.36553785e-002
    1.62867486e-001 -1.91600591e-001 1.91969588e-001 2.19526604e-001
    1.19723104e-001 6.92026177e-003 4.24039483e-001 3.64021689e-001
    1.00377051e-003 2.98375413e-002 2.66403034e-002 6.81321397e-002
    5.34794526e-004 2.66068644e-004 9.83228208e-004 2.95237784e-004
    3.09270453e-002 1.57275498e-002 3.40530798e-002 2.04860345e-002
    2.13145670e-002 -2.63243672e-002 6.57266900e-002 5.05679883e-002
    -1.20953005e-003 -1.98794602e-004 5.12951659e-003 3.12830345e-003
    -6.51180802e-004 -3.42970365e-003 1.63050997e-003 5.00700204e-003
    -6.07824279e-003 1.58754773e-002 3.67678590e-002 2.92852819e-002
    4.73216809e-002 4.59857211e-002 5.15391976e-002 4.93145026e-002
    1.39965990e-003 9.30381939e-004 1.49801746e-003 9.62781953e-004
    -1.19585556e-003 -5.99135226e-003 3.02994531e-003 9.55878757e-003
    2.87791073e-001 3.87370475e-002 4.42271829e-001 1.28040984e-001
    6.86099157e-002 4.52504726e-003 2.74413019e-001 9.91933271e-002
    8.85650050e-003 5.17473556e-004 1.08415773e-002 2.86598923e-003
    -1.59477582e-003 1.61282520e-003 2.22955435e-003 6.14214502e-003
    3.40533167e-001 -2.01571230e-002 6.28831804e-001 1.26378253e-001
    -6.88789040e-003 1.20884329e-002 2.41469115e-001 6.46871626e-002
    1.17120175e-002 -3.92352085e-004 1.30018918e-002 3.50170513e-003
    1.34712522e-004 -3.14846431e-004 1.71251173e-004 3.14846431e-004
    5.38176335e-002 -7.37496931e-003 7.84319490e-002 7.37496931e-003
    -4.92994906e-003 7.56254303e-005 3.69935259e-002 6.60431851e-003
    5.52058127e-003 -9.34401760e-004 5.54217305e-003 9.78549011e-004
    3.61161865e-003 2.60859681e-003 4.10736678e-003 3.10041895e-003
    -4.70923074e-003 -8.99715256e-003 5.26041314e-002 3.05511840e-002
    5.93233258e-002 -3.87143381e-002 5.98755293e-002 3.89401987e-002
    1.19594077e-003 9.90698318e-005 1.41641579e-003 8.01525312e-004
    2.89784726e-002 2.51525373e-004 3.83815914e-002 3.93071137e-002
    -7.52989352e-002 -2.12231837e-002 2.05386654e-001 2.53069043e-001
    3.80448908e-001 -9.41291973e-002 4.14218038e-001 1.63998023e-001
    1.07896151e-002 -9.00014676e-003 1.07896151e-002 9.15258657e-003
    3.63824703e-002 2.28959555e-003 4.89352942e-002 4.32863683e-002
    -1.46730110e-001 5.27233034e-002 2.47806162e-001 2.93854177e-001
    2.70416975e-001 5.26345260e-002 3.80886376e-001 3.29366237e-001
    6.75041322e-003 -2.02182494e-002 1.74559690e-002 4.14375588e-002
    4.04299935e-004 2.98683182e-004 2.65701232e-003 1.70661719e-003
    -1.29895844e-003 -1.56273823e-002 2.94557121e-002 2.14198660e-002
    2.53273658e-002 -3.59620154e-002 3.61659080e-002 5.28112017e-002
    1.80338603e-003 -5.03036287e-003 6.85932534e-003 8.11962876e-003
    5.94119541e-003 -3.28830304e-003 6.22244552e-003 3.42859561e-003
    4.68994817e-003 -2.54334584e-002 5.84450997e-002 4.38116379e-002
    3.60114835e-002 -7.64054246e-003 8.13373551e-002 2.94261258e-002
    4.64163534e-003 -3.99651146e-003 5.89375710e-003 6.62792288e-003
    4.02892148e-003 1.67403109e-002 7.44246831e-003 1.85122602e-002
    8.57922062e-002 1.10747747e-003 2.16600001e-001 2.64063209e-001
    3.97413880e-001 -2.94912159e-002 4.11761671e-001 1.67988598e-001
    -2.38504764e-002 2.13033706e-002 4.04116660e-002 3.12501527e-002
    -1.45234750e-003 7.24876858e-003 1.05636427e-002 1.72994230e-002
    -6.69981993e-004 -4.61017655e-004 2.75021046e-001 1.99110210e-001
    4.09257472e-001 5.47716394e-002 4.19641197e-001 1.71668485e-001
    -6.11614482e-003 -6.23862259e-004 2.45967302e-002 6.54629199e-003
    -1.20185548e-003 -2.43123318e-003 1.26081333e-003 2.72159022e-003
    3.32142189e-002 -1.07735014e-002 3.58778052e-002 1.57227125e-002
    2.83970479e-002 -1.38820559e-002 5.41949011e-002 2.77754739e-002
    4.41083591e-003 -2.27415818e-003 5.75192692e-003 2.89412634e-003
    -1.77770236e-003 -1.10264039e-002 6.24556188e-003 1.23457303e-002
    -2.75269710e-003 6.56386092e-003 4.85617854e-002 3.88711691e-002
    1.30318003e-002 -3.12708691e-002 4.19040322e-002 6.93198666e-002
    8.63995217e-003 -4.86237276e-003 9.27509647e-003 4.86237276e-003
    3.18820961e-002 5.41859195e-002 4.57274392e-002 6.27792105e-002
    -1.65367424e-001 -8.88612494e-003 2.80954212e-001 4.36026990e-001
    1.67281583e-001 -5.01714507e-003 2.72729784e-001 1.68027535e-001
    -3.29036452e-002 -3.85405608e-002 7.76702911e-002 5.96372411e-002
    -8.12693872e-003 -8.07193145e-002 3.37440446e-002 8.07664916e-002
    -6.20213188e-002 -2.56658196e-001 4.26364928e-001 3.08471799e-001
    1.76190257e-001 -7.47626424e-002 3.19313526e-001 1.79727718e-001
    -2.26528496e-002 4.80229873e-003 3.49952802e-002 5.11985384e-002
    1.02444159e-004 -1.15191004e-004 2.29403755e-004 2.01161907e-004
    7.36420567e-004 -2.97408598e-003 5.61626581e-003 4.20509279e-003
    3.11080385e-002 9.87972692e-003 3.15993726e-002 1.40365623e-002
    7.32529792e-004 -9.63946863e-004 9.33347363e-003 3.20380763e-003
    2.70649216e-005 1.48739651e-004 2.40403126e-004 2.80926761e-004
    4.56357114e-002 3.37695517e-002 7.57680237e-002 3.43975574e-002
    -2.07774378e-002 -9.49369650e-003 7.47707486e-002 3.93757820e-002
    6.44538086e-003 2.52390164e-003 1.78482626e-002 7.68958312e-003
    6.09078072e-003 5.39164571e-003 9.21438076e-003 8.64250399e-003
    2.18444750e-001 -1.42799228e-001 4.19039130e-001 4.01881963e-001
    4.85554710e-002 4.34478298e-002 3.42225730e-001 2.69131273e-001
    -3.43838446e-002 1.67606209e-004 8.60110223e-002 6.59164637e-002
    1.72651727e-002 2.77579166e-002 5.54197431e-002 4.67913300e-002
    1.80775952e-003 1.51869521e-001 1.54903367e-001 2.94040531e-001
    1.12192705e-001 7.33448416e-002 3.41340750e-001 2.47455269e-001
    5.30321784e-002 4.22797762e-002 7.59527013e-002 5.33288456e-002
    -4.37898468e-003 -1.16607151e-003 6.70457538e-003 3.85148660e-003
    4.84270640e-002 1.40485978e-002 6.52215108e-002 5.17580509e-002
    4.27582003e-002 5.92191443e-002 4.44727018e-002 6.18905164e-002
    -5.47649059e-003 -1.32645178e-003 9.13419295e-003 3.48476949e-003
    6.90239540e-004 2.03297846e-003 7.32041616e-003 1.19677484e-002
    8.16293433e-003 -7.41823576e-003 5.61746545e-002 4.67757024e-002
    4.94353659e-002 -4.35085669e-002 7.25380853e-002 6.55061528e-002
    -2.20486475e-003 5.96981728e-003 3.77576635e-003 1.15629546e-002
    2.42281687e-002 -3.48336510e-002 2.97062099e-002 6.12153783e-002
    7.12999655e-003 -1.08196743e-001 3.55745077e-001 3.19788098e-001
    2.82881081e-001 -1.20686322e-001 4.17256683e-001 3.05480182e-001
    1.49123212e-002 -1.34116430e-002 2.39883400e-002 1.76878367e-002
    2.37692939e-003 -6.71409478e-004 4.03773366e-003 2.13644770e-003
    2.71490812e-001 2.73751514e-003 2.72837996e-001 2.05067411e-001
    -1.06329702e-001 -3.03163081e-002 2.75674284e-001 2.61908978e-001
    8.68422091e-002 -2.62105130e-002 8.71387869e-002 3.35513949e-002
    1.97087741e-003 1.39263680e-003 2.48564291e-003 1.64848682e-003
    2.72505842e-002 4.77608526e-003 3.68924066e-002 2.25878898e-002
    -1.47213498e-002 -2.93446090e-002 3.06534600e-002 3.30131315e-002
    6.77645532e-003 -4.65383008e-003 7.35279266e-003 8.33934173e-003
