<?xml version="1.0"?>
<opencv_storage>
<Descriptors type_id="opencv-matrix">
  <rows>28</rows>
  <cols>64</cols>
  <dt>f</dt>
  <data>
    -9.62278922e-004 -1.23067002e-004 2.19859742e-003 4.15524235e-003
    7.21140951e-002 2.62526982e-002 7.54044577e-002 5.15765585e-002
    -1.20384591e-002 -7.44304038e-004 2.55013015e-002 2.32911054e-002
    -2.69513833e-003 -2.92343576e-003 3.32090887e-003 4.81372001e-003
    -1.56102208e-002 -8.70813336e-003 2.48043742e-002 2.20911186e-002
    4.03060615e-001 -1.76519528e-002 5.11354148e-001 2.37497106e-001
    -1.02014653e-001 -8.29002261e-002 1.20095395e-001 1.80076003e-001
    -1.12340611e-003 -2.54152380e-002 1.47115467e-002 5.64692840e-002
    1.04288862e-004 9.52235516e-003 3.34644653e-002 2.63493881e-002
    1.41515821e-001 -1.37225822e-001 2.13212654e-001 3.43354255e-001
    -2.75229737e-002 -1.89960063e-001 1.65467128e-001 4.02228177e-001
    1.11437857e-003 6.66880701e-003 1.51029462e-002 3.42694446e-002
    -2.47927243e-003 8.50172364e-005 2.83479341e-003 1.78591639e-003
    1.98201146e-002 1.72301922e-002 2.60842275e-002 1.90263800e-002
    -5.45003405e-003 -8.58593732e-003 1.27766859e-002 2.19259337e-002
    1.20126911e-004 -1.80459290e-003 6.10682357e-004 4.30364162e-003
    -6.35160506e-003 -2.55062798e-004 6.53029047e-003 2.18924810e-003
    -8.60142801e-003 -1.28073879e-002 4.47655879e-002 2.34367680e-002
    1.58454850e-002 2.06210669e-002 3.11457552e-002 2.50880793e-002
    9.77220573e-003 6.03971863e-003 1.20070316e-002 7.72781530e-003
    -5.05626947e-002 -2.38617193e-002 5.96257448e-002 2.55651195e-002
    -3.32540646e-002 -8.52170065e-002 1.00795798e-001 2.48242751e-001
    3.13738257e-001 -5.98589703e-002 4.67958003e-001 2.77832806e-001
    1.33649376e-003 -9.15472396e-003 2.19907463e-002 2.54644584e-002
    -3.03793885e-002 6.42498781e-004 3.83860767e-002 2.42635272e-002
    -9.05792564e-002 7.60887712e-002 1.25937551e-001 9.29967165e-002
    3.84032935e-001 1.00692676e-003 4.61680263e-001 3.10859263e-001
    -7.52134155e-003 -1.13393217e-002 2.19692495e-002 2.02004518e-002
    -9.63446312e-003 6.25527510e-003 1.74871422e-002 7.61952065e-003
    -8.84364080e-003 -1.58151966e-002 2.28667576e-002 3.33762988e-002
    4.07335684e-002 -8.31436459e-003 5.06061800e-002 3.11223585e-002
    -2.67927372e-003 -4.28187009e-003 3.28972097e-003 5.51293092e-003
    -9.09359893e-004 1.18738925e-003 1.82298676e-003 1.82455766e-003
    -4.25934792e-002 -2.66386345e-002 7.80781955e-002 3.62870134e-002
    5.93556464e-003 2.09963936e-002 1.39775835e-002 2.87054181e-002
    8.09581764e-003 7.25038163e-003 1.12032304e-002 9.40800831e-003
    -6.93955645e-002 -7.85298087e-003 7.18938708e-002 2.15884410e-002
    -1.39879122e-001 -1.25398919e-001 1.81388691e-001 2.34553397e-001
    3.13235760e-001 1.14583690e-002 3.81137699e-001 2.63830900e-001
    9.84387845e-003 -9.49523505e-003 2.79327948e-002 3.04960888e-002
    -6.29434586e-002 -2.51782034e-002 8.17503110e-002 4.37187776e-002
    -1.17169149e-001 3.75983901e-002 1.31898209e-001 1.55878797e-001
    3.77288193e-001 1.09464740e-002 4.96013612e-001 2.52511829e-001
    -1.45836929e-002 -1.50323808e-002 1.63387638e-002 2.27295551e-002
    1.69509389e-002 1.38117010e-002 1.94944143e-002 2.30667368e-002
    -5.34817949e-002 2.95530576e-002 6.40304685e-002 4.30219397e-002
    2.08660755e-002 -3.19317393e-002 2.91027259e-002 5.00720590e-002
    -2.81645887e-004 -4.07819636e-003 2.91341054e-003 8.44203308e-003
    -1.83065655e-003 -4.28115344e-003 2.20210408e-003 4.55571851e-003
    3.28665902e-003 1.29519450e-003 8.99338908e-003 7.58896628e-003
    1.01887519e-002 -7.68201752e-003 2.09960546e-002 1.87742449e-002
    2.88267795e-004 1.07072270e-003 4.48327186e-003 3.91383190e-003
    -2.86854059e-002 1.32032651e-002 3.39142047e-002 4.38931510e-002
    -1.07184425e-002 -6.46888837e-002 1.18137062e-001 1.47825971e-001
    5.05284071e-001 7.56028071e-002 5.56252420e-001 2.70411998e-001
    -9.43951607e-002 -1.14047490e-002 1.04194038e-001 1.22454353e-001
    -3.79493237e-002 -8.66164733e-003 4.41526212e-002 2.35932972e-002
    4.59798686e-002 7.99800456e-002 1.31050676e-001 1.06410369e-001
    1.66114286e-001 -1.04404114e-001 3.32003057e-001 2.83933908e-001
    -1.70836560e-002 -2.52506658e-002 2.14241538e-002 3.47193629e-002
    -4.89503751e-003 -2.46744277e-003 4.99358354e-003 4.11778921e-003
    8.10458604e-003 -1.09451935e-002 1.34105841e-002 1.48635628e-002
    2.75647826e-002 -4.25071362e-003 3.07171978e-002 2.43682265e-002
    -2.27255095e-003 1.03111872e-002 2.99523259e-003 1.05501553e-002
    2.92525883e-003 3.10354796e-003 3.65624949e-003 3.97530198e-003
    -4.07385044e-002 -2.32443549e-002 5.52902631e-002 3.91332172e-002
    9.30899102e-003 -9.29891784e-003 1.63056906e-002 2.26285588e-002
    1.79409124e-002 9.27294663e-004 1.80818569e-002 2.32019671e-003
    -3.70503552e-002 -2.31706481e-002 6.95812330e-002 3.61092798e-002
    -2.04267353e-001 1.02126161e-002 3.05170178e-001 2.64532328e-001
    2.05374271e-001 5.34266345e-002 3.42421740e-001 2.70297617e-001
    6.97263032e-002 6.96651218e-003 6.98154047e-002 2.02673897e-002
    -1.71012245e-002 -3.82315442e-002 4.42623571e-002 4.30381559e-002
    3.82694118e-002 -5.42406477e-002 2.66796172e-001 1.84748650e-001
    2.00181261e-001 1.14720173e-001 5.43349981e-001 2.36442566e-001
    1.07832709e-002 -8.57061520e-003 1.35483518e-002 1.56544838e-002
    -2.43319827e-003 -2.69607874e-004 3.87488701e-003 4.10913752e-004
    1.11881411e-003 -1.93961637e-006 3.21360901e-002 1.12046627e-002
    6.36251941e-002 -5.27614867e-003 8.26056451e-002 2.50923708e-002
    -8.80004722e-004 4.34609875e-003 1.79457618e-003 4.75560874e-003
    -2.02934607e-003 4.40571195e-004 3.07980413e-003 2.47003511e-003
    1.10490166e-001 -2.87917294e-002 1.26719877e-001 4.77962308e-002
    -8.25117156e-002 -6.37210906e-002 9.93421748e-002 1.15310133e-001
    4.25648689e-002 -9.39913734e-004 4.43153642e-002 5.04630525e-003
    -7.90823326e-002 3.52911279e-002 9.61602703e-002 4.78288606e-002
    9.41374972e-002 -5.43772839e-002 1.81250572e-001 1.74178049e-001
    3.33862543e-001 6.91608712e-002 3.92653883e-001 2.88273931e-001
    1.27943428e-002 -2.04251725e-002 5.58002852e-002 8.75236318e-002
    -5.36204353e-002 -1.40610440e-002 7.56657124e-002 3.26714702e-002
    3.25431488e-002 9.11227614e-002 1.78312764e-001 2.56321013e-001
    3.94488335e-001 7.58048594e-002 3.95044982e-001 1.67554453e-001
    -2.73376051e-002 -8.08869023e-003 5.79373986e-002 2.02999245e-002
    -5.62599348e-003 -6.44745165e-003 6.73929835e-003 6.55885879e-003
    2.27766111e-002 4.42322344e-003 3.20594907e-002 2.66888645e-002
    3.04558147e-002 1.43523724e-003 3.51555124e-002 1.84230953e-002
    8.14193918e-004 -1.97810819e-003 7.85794761e-003 4.67030518e-003
    3.58554884e-004 -8.39341956e-005 1.31601701e-003 2.11127987e-003
    2.85126711e-003 1.78616948e-003 1.94376428e-002 1.14456806e-002
    1.42995678e-002 5.40199829e-003 5.68823665e-002 7.33681768e-002
    -5.15330001e-004 1.48255363e-004 2.09768978e-003 3.77328740e-003
    3.47947283e-003 4.62502101e-003 1.37881273e-002 1.99284423e-002
    5.34940362e-002 5.56730703e-002 1.01413816e-001 2.02550292e-001
    1.01399876e-001 2.17182562e-001 4.59180951e-001 3.64324033e-001
    -9.65854793e-004 7.43432492e-002 1.20331505e-002 7.82919303e-002
    7.44488742e-003 1.62874721e-002 1.38743091e-002 4.03298661e-002
    6.86068982e-002 1.50517181e-001 8.15032497e-002 3.20887238e-001
    1.91638336e-001 -1.53562641e-002 5.55419803e-001 1.65473193e-001
    -3.28812888e-003 -6.10568933e-003 3.35238548e-003 7.49378651e-003
    2.17598770e-003 3.34052346e-003 2.36614770e-003 4.05949727e-003
    -2.90852739e-003 7.40394753e-004 1.47850290e-002 1.84104107e-002
    7.27381138e-003 -1.83358788e-002 7.84784332e-002 2.49820966e-002
    -3.34042357e-004 -4.36454639e-003 5.11507038e-004 4.36454639e-003
