<?xml version="1.0"?>
<opencv_storage>
<Descriptors type_id="opencv-matrix">
  <rows>24</rows>
  <cols>64</cols>
  <dt>f</dt>
  <data>
    -1.34379906e-003 1.37551781e-003 1.22476919e-002 1.74372178e-003
    4.02792022e-002 1.33097479e-002 4.02792022e-002 1.81937665e-002
    8.90401192e-003 1.58998240e-002 8.90401192e-003 2.06973795e-002
    9.15458892e-004 1.55992305e-003 9.78702214e-004 2.36825319e-003
    9.29783732e-002 -9.39381123e-003 9.30197164e-002 1.64430961e-002
    2.06045851e-001 2.67725848e-002 4.31528151e-001 1.21171199e-001
    5.65519035e-002 2.24155858e-002 6.35580719e-002 3.48671861e-002
    7.39445258e-003 5.58799086e-003 7.51289446e-003 5.88603783e-003
    8.64920095e-002 -9.56648961e-003 8.65494981e-002 1.31533286e-002
    2.33548477e-001 -1.68513320e-002 6.91463292e-001 8.24197009e-002
    -1.60509925e-002 -2.51821280e-002 2.15264291e-001 3.22977424e-001
    1.94238068e-003 -3.21912789e-003 1.32986065e-002 3.74376848e-002
    1.62515254e-003 8.92725220e-005 1.66996953e-003 5.84502821e-004
    4.53126244e-002 -4.79821581e-003 1.12251960e-001 1.86897852e-002
    2.25679241e-002 -4.16370276e-005 2.50895768e-002 9.62099526e-003
    3.37454112e-004 4.92743629e-006 5.96871017e-004 3.26640293e-004
    2.29166518e-003 8.99341016e-004 1.04179177e-002 1.90452603e-003
    3.42344530e-002 -1.01935770e-002 3.42344530e-002 1.07042892e-002
    9.94831230e-003 3.67410784e-003 9.94831230e-003 9.25019756e-003
    9.26277309e-004 1.31150312e-003 9.26277309e-004 4.34320606e-003
    6.94215447e-002 7.26977084e-003 7.59329721e-002 1.85199361e-002
    2.28582278e-001 5.76069951e-002 4.30986226e-001 1.37431517e-001
    5.61475642e-002 5.46828844e-002 5.61475642e-002 5.73498607e-002
    5.05647529e-003 6.04149047e-003 6.25292398e-003 6.04149047e-003
    1.27254963e-001 -2.38520205e-002 1.27323404e-001 2.72593517e-002
    1.34595305e-001 -2.43282560e-002 6.13862276e-001 1.34917840e-001
    5.15430607e-002 -3.81032974e-002 2.40023762e-001 4.26396072e-001
    1.30092409e-002 -3.27868480e-003 1.46347797e-002 4.63586301e-002
    8.26632977e-003 -8.60337866e-004 8.39123409e-003 1.90778950e-003
    5.28204627e-002 -3.73771600e-003 1.26427799e-001 1.68943536e-002
    1.02197947e-002 -2.66060961e-004 1.50615554e-002 3.35205556e-003
    7.70359242e-004 -7.63120916e-005 7.71389459e-004 5.67940122e-004
    8.16292875e-003 1.27704791e-003 1.15149096e-002 3.11408308e-003
    2.83165555e-002 3.64073017e-003 5.27919680e-002 6.97684241e-003
    9.01272148e-003 5.63054159e-003 9.01272148e-003 5.63054159e-003
    4.78704344e-004 1.01493718e-003 9.37673089e-004 1.04601728e-003
    1.12224869e-001 -8.55565816e-003 1.12224869e-001 1.08895143e-002
    8.73135999e-002 5.28729707e-002 5.22561848e-001 2.50419289e-001
    1.05391577e-001 1.41917139e-001 1.74064949e-001 4.12567437e-001
    2.20571384e-002 9.05424077e-003 2.67171860e-002 2.39976868e-002
    1.35887861e-001 -2.75475960e-002 1.35926783e-001 2.82787979e-002
    2.64677495e-001 -1.30998250e-002 4.97642517e-001 1.46308690e-001
    1.60472486e-002 -1.98441073e-002 6.24120981e-002 2.34567579e-002
    3.41536920e-003 -5.28782746e-003 4.57943697e-003 6.60041301e-003
    7.65596051e-003 -1.37091835e-003 7.98586942e-003 1.38169911e-003
    5.41194417e-002 -1.23804640e-002 6.23068810e-002 1.36001483e-002
    2.23958376e-003 -1.14436401e-002 1.33018959e-002 1.14436401e-002
    -3.02430621e-004 -2.36653164e-003 8.16887186e-004 2.36653164e-003
    -1.80608628e-003 1.15295674e-003 2.02739099e-003 2.51498888e-003
    6.14072569e-002 3.19419871e-003 6.56398460e-002 4.51663462e-003
    -6.28683763e-003 1.09837940e-002 6.28683763e-003 1.26847299e-002
    3.37648846e-004 1.97626138e-003 7.20926502e-004 2.44563073e-003
    -1.19539974e-002 1.05213514e-003 1.80295315e-002 1.12686949e-002
    4.64409888e-001 4.00699675e-002 4.96301442e-001 5.05368672e-002
    -4.47675362e-002 3.84371877e-002 1.07880339e-001 9.36992243e-002
    -2.47773342e-003 3.44976899e-003 3.98109062e-003 3.77837312e-003
    -1.29922414e-002 1.82946329e-003 1.82939041e-002 1.09912436e-002
    4.60269183e-001 -4.71067019e-002 5.02950072e-001 6.76421747e-002
    -4.77916189e-002 -2.83447020e-002 9.56997350e-002 5.31669594e-002
    -9.54872370e-003 -7.36649847e-003 1.19402241e-002 1.81647073e-002
    -2.98243016e-003 8.74144374e-004 3.21091642e-003 3.52870952e-003
    6.06806576e-002 -1.61475409e-003 9.41656604e-002 9.25970729e-003
    -4.95138392e-003 -6.70391228e-003 4.95138392e-003 1.10718850e-002
    -5.51524863e-004 -9.87643143e-004 5.51524863e-004 1.26361509e-003
    -6.10645441e-003 1.83547891e-004 6.13677315e-003 8.10136960e-004
    -1.30473240e-003 -1.68858543e-002 2.84497775e-002 1.88861545e-002
    2.02732924e-002 5.59086092e-002 2.89892480e-002 6.65101558e-002
    2.12691980e-003 1.05753103e-002 2.30555725e-003 1.14986757e-002
    -3.77398394e-002 9.51284450e-003 3.91297638e-002 1.00110937e-002
    3.10974964e-003 1.14196306e-002 8.73869881e-002 6.98179454e-002
    4.08267975e-001 -8.21858936e-004 4.72274303e-001 8.08071420e-002
    -5.95898367e-003 1.35920420e-002 8.79792869e-003 2.33344343e-002
    -1.23978779e-002 4.67071449e-003 1.55755021e-002 8.79064202e-003
    -1.50767928e-002 1.59486812e-002 1.90945029e-001 8.63543525e-002
    4.03900623e-001 4.05140501e-003 5.93198359e-001 7.10853562e-002
    -7.35422829e-003 9.19577549e-004 2.40155440e-002 1.66261531e-002
    9.33641451e-004 1.21444929e-003 1.12836028e-003 1.21444929e-003
    -1.32181654e-002 3.88821238e-003 2.67331339e-002 1.29389819e-002
    6.18817285e-002 -1.42045207e-002 7.16509447e-002 1.88655984e-002
    -2.57506035e-003 1.31284737e-003 3.72949196e-003 3.03560984e-003
    1.32049376e-003 -9.59440891e-004 1.81354338e-003 1.76717818e-003
    4.78497744e-002 -1.96012459e-003 6.10919558e-002 1.74999069e-002
    -6.23039342e-003 8.68682563e-003 6.31450722e-003 1.28413504e-002
    1.94825319e-004 -6.27702975e-004 9.14081582e-004 3.01901135e-003
    -1.84133113e-003 1.14746322e-003 5.82553260e-003 1.88598204e-002
    4.03245807e-001 1.59922708e-002 5.36826074e-001 2.79626139e-002
    -1.98542774e-002 4.98304516e-002 3.38029303e-002 4.98304516e-002
    -3.74475564e-003 1.07448846e-002 6.93936367e-003 1.07448846e-002
    -2.33455375e-003 1.10200618e-003 8.15557409e-003 1.83955189e-002
    4.29259986e-001 -1.72321536e-002 5.56245744e-001 8.46458599e-002
    -2.73926426e-002 1.53234024e-002 9.03120488e-002 9.29091126e-002
    7.35629397e-003 2.59034708e-003 1.30737266e-002 6.49271207e-003
    -6.27976493e-004 6.65019383e-004 1.42715115e-003 2.22663442e-003
    7.13147596e-002 -2.27550021e-003 9.52527300e-002 7.09108310e-003
    -1.24004269e-002 2.16691289e-003 1.37721337e-002 1.05051734e-002
    3.84104415e-003 -2.79487431e-004 4.61405097e-003 9.72527836e-004
    -6.27631368e-003 6.16888341e-004 6.29685586e-003 9.64329985e-004
    -1.93474675e-003 -3.81492544e-003 2.15009153e-002 1.64338071e-002
    4.57202978e-002 3.17246504e-002 4.99324985e-002 3.45945843e-002
    2.14795436e-004 4.77516837e-003 9.58905730e-004 5.63057465e-003
    -4.64357026e-002 4.16242518e-003 5.06530367e-002 9.10562743e-003
    -8.25375691e-003 7.34718703e-003 7.10444599e-002 7.33966082e-002
    4.45582271e-001 1.56840701e-002 4.67338860e-001 6.86198771e-002
    -7.10063567e-003 1.34881577e-002 9.59370937e-003 1.72796641e-002
    -4.32555005e-002 8.01283680e-003 5.31014167e-002 8.01283680e-003
    1.81265380e-002 1.67371966e-002 1.23245336e-001 4.70378287e-002
    4.34280574e-001 2.03099474e-003 5.67918658e-001 8.33214596e-002
    -1.32726934e-002 -1.83802203e-003 3.58046405e-002 1.09934919e-002
    -3.55899031e-003 1.36781891e-003 4.37154667e-003 1.36781891e-003
    -2.55071762e-004 3.47326393e-003 2.93679591e-002 1.01668481e-002
    5.39405309e-002 -1.86310355e-002 8.51263553e-002 2.00759657e-002
    -1.61929126e-003 5.94190496e-004 2.57236487e-003 1.33018417e-003
