<?xml version="1.0"?>
<opencv_storage>
<Descriptors type_id="opencv-matrix">
  <rows>33</rows>
  <cols>64</cols>
  <dt>f</dt>
  <data>
    5.37485024e-003 -1.76335108e-002 8.24799761e-003 1.87271331e-002
    -1.02410307e-002 -5.40120341e-002 9.39194039e-002 6.69108629e-002
    7.50185410e-003 -1.03256591e-002 1.28024481e-002 1.07230032e-002
    5.46828751e-003 -4.26477799e-003 5.46828751e-003 4.26477799e-003
    -5.21044154e-003 -2.28949473e-003 5.68630965e-003 4.91158850e-003
    3.56433034e-001 7.62482136e-002 4.33113605e-001 1.27184749e-001
    -1.15457408e-001 1.60075705e-002 1.23003952e-001 2.91558448e-002
    2.55314037e-002 -7.86901359e-003 3.23235467e-002 1.25645036e-002
    -4.49791690e-003 -6.56047743e-003 4.49791690e-003 6.56047743e-003
    4.42282677e-001 -1.22934952e-001 5.11742473e-001 1.23412400e-001
    -7.73391649e-002 1.50800034e-001 1.60751641e-001 1.91048294e-001
    3.25116366e-002 4.21960317e-002 3.25116366e-002 4.21960317e-002
    -3.11951211e-004 -6.84209866e-004 3.11951211e-004 6.84209866e-004
    -5.01817383e-004 -6.52289623e-003 1.28194820e-002 8.43094196e-003
    8.34627897e-002 -8.15742165e-002 8.50236192e-002 9.11042988e-002
    2.15640408e-003 -3.96715989e-003 2.18994170e-003 5.81123913e-003
    8.48814659e-003 4.58647450e-003 9.33356117e-003 5.60408412e-003
    -1.90413743e-002 1.04418900e-002 3.18381637e-002 3.66389491e-002
    3.01285237e-002 1.97261758e-002 3.15652676e-002 2.63133515e-002
    -2.63599679e-003 2.05025822e-003 5.29354811e-003 3.23112309e-003
    7.87209794e-002 -3.72270085e-002 8.49144533e-002 3.74158844e-002
    -1.43473133e-001 -1.12278990e-001 7.19750583e-001 2.32532725e-001
    1.93529770e-001 -4.21028920e-002 1.93943828e-001 5.95939718e-002
    -2.65291572e-004 1.07965888e-002 8.65862425e-003 1.17539037e-002
    -4.81016096e-003 -5.43912826e-003 5.27601456e-003 6.61105337e-003
    2.11893186e-001 8.58657155e-003 3.33789408e-001 2.96423852e-001
    1.04404457e-001 -6.86910525e-002 1.49004564e-001 6.86910525e-002
    1.57062076e-002 -2.27444130e-003 1.57062076e-002 2.38279393e-003
    -1.07609283e-003 -1.05820748e-003 1.08844356e-003 1.05820748e-003
    1.33638028e-002 8.49480461e-003 4.79577370e-002 1.62431095e-002
    1.68747064e-002 9.66718793e-003 2.77996510e-002 1.72699690e-002
    2.58060684e-003 9.63402155e-004 2.65486352e-003 9.63402155e-004
    1.66678021e-003 -9.60989972e-004 1.66678021e-003 9.60989972e-004
    1.20839188e-002 -7.73733482e-003 1.20839188e-002 7.73733482e-003
    1.64423678e-002 -7.11501157e-003 1.64423678e-002 7.41309021e-003
    2.09013023e-003 3.99636396e-004 2.09013023e-003 3.99636396e-004
    1.12380777e-002 -1.05654933e-002 2.39972826e-002 3.79006788e-002
    2.28727743e-001 8.86080712e-002 2.50561506e-001 2.92942375e-001
    1.34919712e-003 1.06794529e-001 2.64170915e-001 2.71657556e-001
    2.17568707e-002 -1.80768054e-002 2.20030155e-002 1.89524479e-002
    -1.18133143e-001 5.63259646e-002 1.58322021e-001 8.97451490e-002
    4.28740799e-001 -6.70824945e-002 5.35315871e-001 1.34920403e-001
    1.16430670e-002 1.36938870e-001 1.30790606e-001 1.85308769e-001
    3.26802931e-003 3.42699103e-002 1.02272620e-002 5.30487821e-002
    3.38991202e-004 -1.74130276e-002 1.05136614e-002 1.84429213e-002
    3.08707282e-002 -1.45420525e-002 7.02483580e-002 2.52984595e-002
    5.06402403e-002 -2.10051723e-002 5.06402403e-002 2.10051723e-002
    7.82414514e-004 -2.15543041e-004 8.13495135e-004 3.18655104e-004
    1.81248652e-005 -4.88538935e-004 3.88747030e-005 4.88538935e-004
    3.53002077e-004 -6.95552025e-003 1.02088822e-003 6.95552025e-003
    3.43603059e-003 -7.63233658e-003 3.43603059e-003 7.63233658e-003
    5.08513418e-004 -7.38683681e-004 5.08513418e-004 7.38683681e-004
    -4.16601403e-003 -3.82742286e-003 4.21630405e-003 3.82742286e-003
    1.55769438e-001 1.76080942e-001 2.70823538e-001 2.22609878e-001
    -1.39646187e-001 2.71160424e-001 1.64695948e-001 3.24314713e-001
    4.87324921e-003 -8.53273086e-003 4.87324921e-003 8.53273086e-003
    -4.96929465e-003 -1.57240417e-003 4.96929465e-003 1.57240417e-003
    4.53332841e-001 -7.11241141e-002 5.18179774e-001 8.90434757e-002
    -1.70435145e-001 1.32425010e-001 1.70435145e-001 1.35368243e-001
    -4.17559333e-002 3.10605150e-002 4.24457453e-002 3.42250243e-002
    -4.82381729e-004 -1.19555792e-004 4.92521387e-004 1.19555792e-004
    5.08738346e-002 -2.30629351e-002 5.62322773e-002 2.34466344e-002
    1.71701126e-002 -1.75685138e-002 3.33797187e-002 2.63403580e-002
    -4.49362770e-003 1.40351930e-003 5.28560346e-003 2.04983470e-003
    -2.20844435e-004 -5.82796696e-004 2.25167474e-004 5.82796696e-004
    -1.11023395e-003 -6.44606724e-003 1.34200719e-003 6.44606724e-003
    1.70173193e-003 -6.85080048e-003 1.70173193e-003 6.85080048e-003
    4.31915250e-004 -9.43875115e-004 4.31915250e-004 9.43875115e-004
    -3.58548318e-003 -3.12477420e-003 3.58548318e-003 3.12477420e-003
    1.83619395e-001 1.96408987e-001 2.09477559e-001 2.20792115e-001
    -1.13833115e-001 3.68682057e-001 1.18860826e-001 3.91021818e-001
    -9.91735049e-003 1.38473837e-002 1.30240154e-002 2.06147507e-002
    -5.48682315e-003 -1.57358963e-003 5.48682315e-003 1.57358963e-003
    4.69474882e-001 -1.07052349e-001 4.85617757e-001 1.10580258e-001
    -9.85563621e-002 5.12322932e-002 1.02393776e-001 6.28199503e-002
    -2.26237625e-002 3.41728292e-002 2.31838059e-002 3.54024470e-002
    -5.91769814e-004 2.41125908e-005 5.91769814e-004 5.37170454e-005
    4.77934219e-002 -1.69259682e-002 5.09754866e-002 1.74969267e-002
    2.38480177e-002 -8.63104779e-003 3.54636200e-002 2.07256358e-002
    -1.28022931e-003 2.68976577e-003 1.32371881e-003 2.68976577e-003
    -2.41337242e-004 -4.46667778e-004 2.91305041e-004 4.46667778e-004
    4.46875319e-002 2.58004051e-002 4.86406721e-002 3.01838685e-002
    -1.04775149e-002 2.86610946e-002 5.77886589e-002 3.44623886e-002
    2.17668494e-004 1.63484365e-004 1.67496875e-003 6.96262636e-004
    -3.62523715e-003 -2.84715276e-003 3.67141142e-003 2.84715276e-003
    4.59016174e-001 1.11401923e-001 4.66033578e-001 1.16806723e-001
    -2.12440327e-001 -2.79547437e-003 2.14186758e-001 3.89891006e-002
    -4.06372920e-002 -9.96213988e-004 4.80961911e-002 5.88690955e-003
    -3.43150180e-003 -1.32408447e-003 3.43830301e-003 1.32408447e-003
    3.64622593e-001 -1.12183340e-001 3.78246814e-001 1.14019096e-001
    -2.07788095e-001 -1.38151586e-001 2.10074708e-001 1.41715720e-001
    -1.35106165e-002 -6.75919186e-003 2.69139223e-002 1.31883556e-002
    -3.64456006e-004 -4.05656436e-004 3.87517357e-004 4.05656436e-004
    3.69609818e-002 -2.52291895e-002 4.37729917e-002 2.52291895e-002
    -2.86560748e-002 -3.00054122e-002 3.56805697e-002 3.47804204e-002
    5.12846420e-003 3.76342353e-003 5.36845718e-003 4.18834109e-003
    -1.35885581e-004 -5.53207283e-005 2.16354631e-004 2.43933115e-004
    9.22347978e-002 3.04189455e-002 9.23045427e-002 3.07130832e-002
    2.53237173e-004 1.49135129e-003 3.61548760e-003 2.56209192e-003
    -3.91871249e-003 -7.31342298e-005 3.91871249e-003 4.50472318e-004
    3.08051868e-003 -1.97284156e-003 4.95807361e-003 3.43681523e-003
    5.27175486e-001 7.18898177e-002 5.28004467e-001 8.26259404e-002
    1.96610903e-003 -2.56222230e-003 2.22477131e-002 8.45807884e-003
    -1.92155391e-002 -1.37882802e-004 1.92155391e-002 5.43497689e-003
    8.01238511e-003 9.37131175e-004 9.06366669e-003 3.89490905e-003
    4.36889321e-001 -4.41532843e-002 4.36889321e-001 7.17302039e-002
    2.53422800e-002 -7.36526772e-002 6.07660972e-002 7.46487454e-002
    -1.74200572e-002 -8.98383930e-003 1.74200572e-002 9.14257951e-003
    1.15376036e-003 -3.59976053e-004 1.52929220e-003 3.92101967e-004
    4.81887236e-002 -8.82321130e-003 5.14589399e-002 9.59528517e-003
    7.88391393e-004 -1.84456427e-002 4.43003979e-003 1.84456427e-002
    -6.44686690e-004 -1.06839614e-003 1.47945771e-003 2.23719655e-003
