<?xml version="1.0"?>
<opencv_storage>
<Descriptors type_id="opencv-matrix">
  <rows>30</rows>
  <cols>64</cols>
  <dt>f</dt>
  <data>
    -1.52736460e-003 2.68403976e-003 1.71614578e-003 2.89134379e-003
    -1.22549376e-002 2.68356577e-002 1.22549376e-002 2.68356577e-002
    -1.29011245e-002 2.41458565e-002 1.34581150e-002 2.41458565e-002
    -1.71669890e-004 8.41311587e-004 3.53021489e-004 8.41311587e-004
    1.33978883e-002 -2.27564555e-002 4.84411679e-002 7.17732310e-002
    9.65093896e-002 -1.62229910e-001 2.77460843e-001 2.83105552e-001
    -8.88327584e-002 1.38237298e-001 8.88327584e-002 1.38237298e-001
    -1.35082817e-002 2.39871535e-002 1.35583961e-002 2.39871535e-002
    -5.28319366e-003 -8.33799019e-002 1.15020044e-001 1.34794757e-001
    2.52820104e-001 4.71872836e-002 4.70180750e-001 2.34260038e-001
    -1.65491831e-003 -1.55413300e-001 2.59737492e-001 3.09856832e-001
    1.62154883e-002 -1.44387670e-002 3.75742614e-002 3.86055112e-002
    1.07703349e-002 -1.63275059e-002 1.97929274e-002 1.99586563e-002
    6.20610751e-002 -2.53705651e-001 1.15602419e-001 2.61865616e-001
    4.19508740e-002 -4.41213287e-002 8.50291997e-002 7.90338591e-002
    6.35151705e-003 -5.63969975e-003 8.49583652e-003 1.05674816e-002
    5.81851602e-003 5.38990926e-003 7.23861065e-003 1.74611323e-002
    -1.78638175e-002 -3.55809141e-004 3.48914154e-002 5.45221083e-002
    1.96420848e-002 -1.70469808e-003 2.77394578e-002 6.96860766e-003
    -1.45413133e-003 -3.33104021e-004 1.45413133e-003 3.33104021e-004
    1.68967303e-002 -9.45755914e-002 4.21273373e-002 1.05590738e-001
    2.52468020e-001 -1.50787175e-001 4.18130606e-001 3.31816077e-001
    1.89555705e-001 2.84732096e-002 2.09592283e-001 6.46427870e-002
    -2.05585733e-002 -1.59057770e-002 2.33749393e-002 1.59057770e-002
    3.27392556e-002 2.68184245e-002 3.32363695e-002 4.12103906e-002
    4.08085883e-001 -2.49703433e-002 4.63646621e-001 2.24390179e-001
    1.52393878e-001 -6.17238367e-003 1.91055045e-001 4.26482148e-002
    -3.69673483e-002 -4.00030799e-003 4.67267223e-002 1.44397514e-002
    6.81733480e-003 -8.43232125e-003 7.05267861e-003 1.25887627e-002
    6.03796840e-002 -7.03620724e-003 6.92909360e-002 4.48780246e-002
    6.91700308e-003 -3.08856578e-003 2.37169098e-002 6.42047077e-003
    -2.69349385e-003 -6.70422800e-004 5.56707289e-003 2.04630475e-003
    5.40644163e-003 4.81156196e-004 9.69872531e-003 1.26597250e-003
    -1.03277601e-002 8.83280206e-003 3.38908806e-002 3.08182929e-002
    2.47497112e-002 4.51832358e-003 8.03363323e-002 1.53168710e-002
    1.64925703e-003 2.73787125e-004 2.96807382e-003 4.98786918e-004
    2.00854223e-002 1.72445867e-002 6.36664629e-002 2.21848115e-002
    -1.74174264e-001 1.04021551e-002 2.88353950e-001 1.38643250e-001
    3.30001742e-001 4.93252203e-002 3.64119083e-001 2.75061876e-001
    -7.97691697e-004 1.09536073e-003 1.24233169e-002 7.73208821e-003
    2.05610450e-002 -6.04422623e-003 4.99383584e-002 1.97878350e-002
    -1.31874472e-001 -1.37303176e-003 3.19784582e-001 3.75869900e-001
    2.75311708e-001 3.74188870e-002 2.83484548e-001 3.17768782e-001
    -1.15265716e-002 -1.82989158e-003 1.15265716e-002 1.95402163e-003
    -6.46906253e-003 -7.49204017e-004 1.11217964e-002 5.53778140e-003
    5.90007333e-003 -1.02973422e-002 4.31601703e-002 2.31734999e-002
    4.92170826e-002 9.30218957e-003 6.10163771e-002 1.85126346e-002
    -1.59427023e-003 -4.30445245e-004 1.62170606e-003 4.47069760e-004
    3.67305311e-003 6.73467817e-004 6.30241493e-003 1.41175103e-003
    -6.19659852e-003 1.22032510e-002 4.28090617e-002 2.26847883e-002
    1.06100726e-003 3.30860936e-003 5.56646585e-002 2.87473351e-002
    1.64855842e-003 8.32447142e-004 2.08946154e-003 2.76286667e-003
    2.31990181e-002 1.10441782e-002 6.60317019e-002 1.57307368e-002
    -1.95957478e-002 -1.97721437e-001 3.75850946e-001 3.07086825e-001
    1.05673753e-001 3.28338402e-003 2.45507121e-001 4.14050668e-001
    6.30613789e-003 7.68009864e-004 1.10311303e-002 1.53126512e-002
    -1.13986032e-002 1.03813149e-002 4.59993295e-002 7.30666220e-002
    -8.72431975e-003 5.22759221e-002 3.67334396e-001 2.95465261e-001
    2.64845639e-001 1.95453595e-002 3.59304368e-001 1.52048036e-001
    -7.51268584e-004 -4.45858495e-005 1.06224474e-002 4.05822601e-003
    3.87097057e-003 -4.69911657e-003 5.00399712e-003 6.86854916e-003
    -8.11536238e-003 1.72607563e-002 3.21154594e-002 6.65704682e-002
    1.17243817e-002 4.74145599e-002 5.04574142e-002 5.80450371e-002
    -1.93781848e-003 -1.27258117e-003 2.55391863e-003 1.38578925e-003
    -4.35854774e-003 1.86916394e-003 5.05586714e-003 8.62972718e-003
    -2.81802006e-003 3.43047567e-002 3.29827480e-002 9.47792083e-002
    1.52613455e-002 5.73978350e-002 5.76832443e-002 6.75524622e-002
    -9.81750272e-005 1.46292805e-004 9.65383020e-004 4.01663303e-004
    -2.61952188e-002 -3.25272121e-002 5.68513200e-002 5.49660996e-002
    1.07365483e-002 -3.83299202e-001 2.01317549e-001 6.05441988e-001
    1.44207552e-001 -1.00094236e-001 2.45141611e-001 1.77819476e-001
    -1.10888463e-002 -4.76283673e-003 1.26742907e-002 5.38986549e-003
    -3.32899280e-002 -3.99299935e-002 4.16326150e-002 4.16212305e-002
    1.66399509e-001 7.35816732e-002 1.69248775e-001 1.98329702e-001
    2.59778470e-001 -2.81777922e-002 2.98214316e-001 1.41586289e-001
    -1.63977034e-002 -3.22064385e-003 2.17889771e-002 5.55810286e-003
    -1.31435727e-003 5.27179742e-004 2.92394566e-003 1.36383343e-003
    3.28137018e-002 2.14163051e-003 3.88603061e-002 3.24245282e-002
    2.83980370e-002 1.44802090e-002 3.09556983e-002 3.56892794e-002
    -2.53946241e-003 -5.43956005e-004 3.69561603e-003 1.19371479e-003
    9.39163659e-003 -2.88520940e-003 1.25745852e-002 3.54905310e-003
    2.62352843e-002 2.51060259e-003 4.66609634e-002 1.49237877e-002
    -1.05000027e-002 6.08722970e-004 1.05609614e-002 7.92816805e-004
    -4.80489776e-004 4.91442097e-006 4.90194710e-004 6.30052818e-005
    3.22035402e-002 -1.88434720e-002 5.43365218e-002 1.93957537e-002
    2.96738297e-001 -2.55471408e-001 3.89580578e-001 3.12186360e-001
    -7.84622580e-002 1.89620012e-003 1.06363751e-001 3.12059447e-002
    9.40024015e-003 -3.71592306e-003 1.05323959e-002 6.94302656e-003
    4.12953421e-002 4.99772765e-002 5.20532876e-002 1.19057350e-001
    2.90372342e-001 2.38486409e-001 5.17468154e-001 3.24562132e-001
    -7.38048106e-002 -1.35356365e-002 1.14440270e-001 2.94932183e-002
    -8.08017503e-004 -4.48403152e-004 2.17570513e-002 7.70654017e-003
    -5.83740650e-004 6.12824457e-003 1.05779422e-002 2.36579999e-002
    2.55416427e-002 -6.14614673e-002 6.23690821e-002 6.63667247e-002
    3.48157785e-003 -1.55525806e-003 3.73205803e-002 8.06016661e-003
    -3.20773906e-005 1.03374990e-003 9.49010602e-004 1.33474043e-003
    -4.38820571e-003 -3.36435926e-003 1.00130681e-002 3.76048987e-003
    1.41025055e-002 -2.23018024e-002 2.76843365e-002 3.14087942e-002
    3.24053057e-002 -4.28068079e-003 4.30580750e-002 1.81851331e-002
    1.40041765e-003 1.87017233e-003 1.59976643e-003 3.97130288e-003
    2.92766392e-002 -9.78849735e-003 7.41832852e-002 2.08254810e-002
    3.29959452e-001 6.42971694e-002 4.13737267e-001 1.26349822e-001
    3.32206897e-002 4.58450131e-002 2.24749625e-001 1.20385960e-001
    1.73637492e-003 -2.72983598e-004 9.82907414e-003 1.92768243e-003
    8.00430495e-003 4.32690531e-002 5.00624068e-002 6.34155050e-002
    2.87263215e-001 -3.67548317e-002 5.10194778e-001 4.23977762e-001
    1.28437489e-001 -8.77984625e-004 1.89720809e-001 1.61185041e-001
    -7.65484385e-003 -3.14893760e-003 7.86576420e-003 3.16755124e-003
    3.06303776e-003 -7.38225132e-003 8.25164281e-003 1.65806562e-002
    2.17590132e-003 3.53947170e-002 3.76669466e-002 6.54181018e-002
    5.42576145e-003 -8.17890032e-005 1.88103765e-002 4.26544249e-003
    -1.69684703e-003 -6.32868148e-004 2.00455193e-003 7.18686730e-004
