<?xml version="1.0"?>
<opencv_storage>
<Descriptors type_id="opencv-matrix">
  <rows>29</rows>
  <cols>64</cols>
  <dt>f</dt>
  <data>
    -1.44459645e-003 -3.22859210e-004 3.13759223e-003 4.57271049e-003
    9.03408392e-004 -5.87191380e-006 9.53675993e-003 8.17282218e-003
    1.52876228e-002 -9.10941046e-003 2.86319517e-002 2.00006999e-002
    1.25239964e-003 -5.55783452e-004 4.13611764e-003 8.13394599e-003
    1.15247359e-002 -1.72969326e-003 2.05263086e-002 2.90939696e-002
    -2.09928192e-002 -4.22658511e-002 1.62563697e-001 1.60605371e-001
    2.29059398e-001 8.15440789e-002 4.13975477e-001 3.24746996e-001
    -4.11869138e-002 6.51402026e-002 5.45881838e-002 8.97289291e-002
    -1.00262733e-002 -1.24208694e-002 2.18679253e-002 1.73674654e-002
    -1.26515059e-002 9.58285388e-003 7.87613615e-002 1.20416902e-001
    4.48075116e-001 -5.37969545e-002 5.18849134e-001 2.96822101e-001
    1.01886550e-002 1.64515711e-002 2.10435800e-002 2.80993190e-002
    -3.20454128e-004 -8.32622231e-004 1.14206271e-003 1.21084100e-003
    4.14144667e-003 3.76094831e-004 8.06305278e-003 1.00811422e-002
    2.57680770e-002 9.89217218e-003 4.06256206e-002 4.04860303e-002
    9.05217696e-003 -1.37873534e-002 1.06961634e-002 1.46568706e-002
    -2.48327968e-004 -2.33961502e-003 3.28640541e-004 3.68274958e-003
    -5.09966305e-003 -5.62311569e-003 1.31213600e-002 1.56434495e-002
    1.91885494e-002 -1.24124987e-002 2.56873146e-002 2.95155179e-002
    3.56609235e-003 2.73307180e-003 4.80599608e-003 6.28065877e-003
    9.67525295e-004 6.35992549e-003 1.32257433e-003 1.31545747e-002
    2.60017484e-001 1.83315054e-001 2.79307365e-001 2.15160236e-001
    -9.83581468e-002 2.19039679e-001 3.56641144e-001 2.98674136e-001
    9.05818772e-003 1.28126489e-002 4.16504927e-002 3.33754905e-002
    7.40142073e-004 1.52940303e-002 3.68767558e-003 7.94560611e-002
    1.05233088e-001 -1.36512145e-001 3.69323373e-001 2.16412872e-001
    -5.27912527e-002 -2.49998942e-001 3.49386543e-001 2.85476476e-001
    9.08648223e-003 -1.51016498e-002 5.59610613e-002 1.90839972e-002
    -2.78757827e-004 -2.16213125e-003 3.20168823e-004 2.61206739e-003
    1.01970043e-002 1.78203117e-002 2.12497786e-002 2.15817820e-002
    -6.04185509e-003 8.60949792e-003 2.21766103e-002 1.66030005e-002
    9.71285219e-004 -6.14796719e-003 4.02713660e-003 6.16031326e-003
    -7.48259621e-003 -7.64257228e-003 1.09779974e-002 1.21114161e-002
    2.11853371e-003 4.36915830e-003 1.50297778e-002 2.33666450e-002
    5.08563360e-003 -2.43653227e-002 3.72783579e-002 4.74466532e-002
    1.91181106e-003 -4.49401699e-003 6.61162566e-003 5.62778860e-003
    9.42662649e-004 -1.33621739e-004 7.38106156e-003 7.26124551e-003
    1.77764565e-001 -5.15590943e-002 2.49424502e-001 9.81032997e-002
    1.62269771e-001 4.91023287e-002 4.26290542e-001 4.17540491e-001
    -3.86337824e-002 5.49974032e-002 4.56828624e-002 5.83509244e-002
    -1.24900779e-002 4.23093587e-002 2.05993652e-002 4.47482057e-002
    -3.69140469e-002 9.59172100e-002 1.27560943e-001 1.41973704e-001
    3.58467251e-001 -6.88905492e-002 4.15785313e-001 3.26676369e-001
    -1.71841849e-002 -4.49823700e-002 4.24313322e-002 4.99745868e-002
    3.26347142e-003 -2.93315365e-003 5.11744758e-003 4.95188776e-003
    -4.01194058e-002 6.31200448e-002 7.14074522e-002 7.11232871e-002
    -1.97107662e-002 3.19623277e-002 6.10450543e-002 4.01343368e-002
    2.43586348e-003 3.62381153e-003 3.58237419e-003 4.89590690e-003
    6.09465700e-004 1.05290534e-003 9.09863797e-004 1.71079277e-003
    -5.88900363e-003 2.90884208e-002 5.32290488e-002 3.41109484e-002
    2.96733249e-002 -8.00070912e-003 3.64364833e-002 3.11314948e-002
    5.35798632e-003 6.27124449e-004 7.09923543e-003 2.59328494e-003
    -2.16014571e-002 7.25600962e-003 3.06376591e-002 3.94003019e-002
    -5.16556501e-002 -1.84661672e-001 3.65008384e-001 3.51168782e-001
    1.96539074e-001 4.14465256e-002 5.04951298e-001 2.39784285e-001
    2.07022801e-002 -2.24432210e-003 4.88285720e-002 3.61928344e-002
    -1.87467213e-003 -9.19028837e-003 1.64600667e-002 2.90472563e-002
    -4.55803238e-002 1.84943248e-002 1.19015500e-001 1.68786496e-001
    2.51468837e-001 -1.04360931e-001 3.99978995e-001 1.91229090e-001
    5.23206741e-002 6.36781054e-003 1.09867729e-001 2.72477269e-002
    2.99322931e-003 8.37461965e-004 5.83479740e-003 1.03547925e-003
    -2.38436926e-002 -4.82126232e-003 6.83896542e-002 8.39767978e-003
    3.83960991e-003 -4.61451942e-004 1.11703547e-002 1.83717639e-003
    1.19546745e-002 -2.38127704e-003 1.67073067e-002 3.61290365e-003
    1.26497832e-003 1.42584753e-003 2.71122740e-003 3.51894484e-003
    1.37442341e-002 -3.06161474e-002 3.44283022e-002 4.02473174e-002
    -1.56035330e-002 -1.80587489e-002 5.67747429e-002 3.89977545e-002
    -4.49688348e-004 -1.57054586e-004 1.07409514e-003 5.40604698e-004
    2.60771345e-002 -8.52268096e-003 3.61990482e-002 2.02599317e-002
    -3.80469970e-002 5.52128553e-002 1.07655309e-001 1.24169178e-001
    1.89025968e-001 7.13119879e-002 4.13218051e-001 1.92649305e-001
    -1.29939411e-002 5.75412698e-002 4.43603992e-002 5.76469451e-002
    -4.30528494e-003 8.35914314e-002 5.87669760e-002 1.28340647e-001
    3.16039380e-003 6.52703717e-002 3.86060268e-001 2.65189379e-001
    1.66650578e-001 1.15094066e-001 4.83199358e-001 3.88278753e-001
    2.10181950e-003 2.56004483e-002 4.96313050e-002 5.34170344e-002
    -5.80282137e-003 -6.49985450e-004 8.27896781e-003 6.25453331e-003
    -2.06259154e-002 1.44133065e-002 5.34080602e-002 5.22937849e-002
    6.20428808e-002 9.55199637e-003 7.46079832e-002 3.87177244e-002
    4.73415432e-003 3.04766372e-003 9.11486242e-003 3.63859837e-003
    -2.20285403e-003 -6.09698298e-004 2.86433380e-003 1.70894933e-003
    7.62447016e-003 -3.86610604e-003 1.08924946e-002 1.66111086e-002
    2.45103259e-002 1.84052829e-002 5.70328645e-002 2.81910915e-002
    -1.62735803e-003 1.14258127e-002 5.95803652e-003 1.34647861e-002
    1.87323857e-002 -3.14364024e-003 2.69761588e-002 2.16255933e-002
    3.45228612e-002 1.10267140e-001 1.82269260e-001 1.69254377e-001
    1.82674244e-001 8.61857682e-002 3.40256572e-001 3.83747160e-001
    -3.33486591e-003 3.77201638e-003 2.78378688e-002 2.02804320e-002
    4.48760316e-002 7.58831501e-002 5.55211529e-002 1.13978118e-001
    -1.91459522e-001 -3.08347363e-002 4.52504218e-001 2.66873658e-001
    2.67865658e-001 -9.62323397e-002 3.60620379e-001 1.85780779e-001
    -4.94805258e-003 -1.97097170e-003 2.46610902e-002 1.76765341e-002
    -1.82447679e-004 -1.88713719e-003 2.51699309e-003 3.27999587e-003
    -4.83476929e-002 3.69500145e-002 7.03184828e-002 5.97856343e-002
    5.49367443e-002 5.60316928e-002 5.64079471e-002 8.13676268e-002
    -6.37473678e-003 3.43143637e-003 8.43451265e-003 8.53593275e-003
    -1.66044093e-003 -3.49092908e-004 2.55188486e-003 2.33184034e-003
    1.70458909e-002 -1.72645263e-002 1.99453440e-002 2.93093752e-002
    2.64109094e-002 -7.51741417e-003 3.50107625e-002 4.61041816e-002
    3.80981481e-003 6.13818047e-005 5.97937731e-003 3.01508792e-003
    2.55060699e-002 1.94316749e-002 3.21283005e-002 3.36137861e-002
    -2.69386470e-002 7.76045769e-002 2.69901395e-001 2.26018846e-001
    1.97761625e-001 -6.89709261e-002 2.71275043e-001 1.73691690e-001
    3.65006737e-002 -2.77254786e-002 4.66523655e-002 3.16227861e-002
    8.97880718e-002 1.23619265e-003 9.49563384e-002 3.07026766e-002
    -2.96602249e-001 1.04354188e-001 3.06539416e-001 3.72988135e-001
    3.00326765e-001 3.66032496e-002 3.92482728e-001 3.08511913e-001
    -3.27363685e-002 2.25608312e-002 6.02502860e-002 5.37430532e-002
    4.03748732e-003 -2.62779323e-003 8.76926444e-003 6.35118084e-003
    -2.58443374e-002 -9.11271945e-003 4.92815748e-002 1.81735158e-002
    4.46681380e-002 -1.09271621e-002 4.64561060e-002 1.79263391e-002
    -5.56465704e-003 -1.75590487e-003 8.51713400e-003 4.65779612e-003
