<?xml version="1.0"?>
<opencv_storage>
<Descriptors type_id="opencv-matrix">
  <rows>13</rows>
  <cols>64</cols>
  <dt>f</dt>
  <data>
    2.20893230e-002 -9.42332856e-003 2.20893230e-002 9.42332856e-003
    1.29123172e-002 -7.18308333e-003 1.46379946e-002 1.16752991e-002
    -4.37604589e-003 -1.32889999e-003 9.42001678e-003 8.41631647e-003
    7.74447224e-004 2.80947279e-004 1.46065548e-003 9.12076503e-004
    6.75520813e-003 -4.48219851e-003 6.75520813e-003 4.48219851e-003
    4.66147274e-001 -1.00881075e-002 5.22980750e-001 2.56296784e-001
    -1.52377747e-002 -4.99964878e-003 5.25018163e-002 7.12341145e-002
    1.50096649e-003 -2.02402193e-003 5.86262345e-003 5.54350810e-003
    3.03472094e-002 3.60033251e-002 3.03472094e-002 3.60033251e-002
    3.78650934e-001 3.00788861e-002 4.43683326e-001 2.84868509e-001
    6.35594642e-003 -5.86192356e-003 6.29107729e-002 3.89415100e-002
    -5.40360692e-004 4.12610406e-003 3.79823451e-003 7.97878113e-003
    1.64741836e-002 3.58033722e-004 1.67501159e-002 2.50827614e-003
    1.97257684e-003 -5.18812973e-004 5.77389589e-003 3.85644077e-003
    4.16444056e-003 3.37714073e-003 9.47490800e-003 1.06722824e-002
    -8.44821043e-004 9.40867685e-005 1.05253549e-003 8.37175583e-004
    1.37220109e-002 1.24857333e-002 1.51195088e-002 1.31199891e-002
    2.25582626e-003 -8.05759628e-004 1.27276182e-002 8.69923271e-003
    -1.12732584e-002 2.86555979e-002 2.08009388e-002 3.85068990e-002
    -1.29221026e-002 7.00046215e-003 1.73998345e-002 8.09998065e-003
    -1.18399505e-003 1.41624841e-004 7.84225855e-003 8.24169442e-003
    -2.05810636e-001 -2.19249278e-001 2.60360390e-001 2.62405306e-001
    2.08552808e-001 -2.12075517e-001 2.69135714e-001 2.30274171e-001
    -2.28838027e-002 7.42735760e-003 3.06312311e-002 1.83923058e-002
    4.13881009e-003 2.41063908e-003 1.08089531e-002 1.43425427e-002
    -1.92566380e-001 2.17980370e-001 2.16933757e-001 2.36642107e-001
    1.19464576e-001 1.89567298e-001 4.15593594e-001 3.48327100e-001
    -3.52760777e-002 -3.87004353e-002 6.28949553e-002 8.05797577e-002
    1.00461002e-002 -8.70262831e-003 1.41965086e-002 1.04344124e-002
    1.20263861e-003 -9.93443653e-003 1.05291866e-002 1.31238289e-002
    -1.44754602e-002 -3.51741575e-002 2.80205365e-002 4.19516526e-002
    -2.30421759e-002 -2.28707530e-002 2.61619333e-002 2.28707530e-002
    -9.24812193e-005 4.56258684e-004 4.10847482e-004 1.40824681e-003
    1.06602563e-002 3.01186107e-002 2.44565811e-002 3.57218497e-002
    3.65759581e-002 1.39267500e-002 3.81724648e-002 4.75019179e-002
    2.47870426e-004 -1.43747733e-004 5.49580494e-004 3.61047423e-004
    3.89015651e-003 -1.16940290e-002 3.89015651e-003 1.16940290e-002
    3.72887582e-001 2.28728727e-002 3.72887582e-001 3.26461881e-001
    6.19502664e-002 6.46669120e-002 8.31035823e-002 1.30094066e-001
    -1.82760917e-002 2.32857259e-004 2.71332543e-002 1.85943432e-002 0.
    0. 0. 0. 4.85608578e-001 -1.60616696e-001 4.85608578e-001
    2.29725793e-001 1.59280356e-002 -5.40121719e-002 5.51426820e-002
    7.36048222e-002 -4.14231000e-003 3.63306236e-003 5.59958117e-003
    6.22792495e-003 0. 0. 0. 0. 3.48757976e-003 -3.48757976e-003
    3.48757976e-003 3.48757976e-003 6.18053712e-002 -3.56169008e-002
    6.74874485e-002 3.78708914e-002 -8.05108517e-004 -3.84941557e-003
    1.83039648e-003 4.27471055e-003 6.32293522e-004 -7.37122027e-004
    6.32293522e-004 7.37122027e-004 5.54430410e-002 -2.49988325e-002
    5.57936020e-002 3.35389748e-002 1.36369858e-002 1.20219449e-002
    3.00593749e-002 3.26600671e-002 2.17569788e-004 -3.44481923e-005
    7.54624780e-004 4.18588432e-004 0. 0. 0. 0. 4.11961734e-001
    1.93468466e-001 4.46845531e-001 2.46817976e-001 -1.70724522e-002
    4.12710123e-002 5.10129556e-002 5.78743555e-002 -2.06724182e-002
    -8.17789324e-003 3.93252186e-002 3.13417576e-002 0. 0. 0. 0.
    4.55660939e-001 -1.80911064e-001 4.56742108e-001 1.93553835e-001
    -2.64229905e-003 1.57450861e-003 3.05431392e-002 3.11212558e-002
    -3.59991333e-003 1.63641330e-002 1.02482652e-002 1.74435973e-002
    3.82662780e-004 3.16888414e-004 3.82662780e-004 3.16888414e-004
    3.58215049e-002 -4.51237196e-003 8.52892995e-002 5.87185808e-002
    2.20670719e-002 -6.63399100e-002 2.63306703e-002 6.63923100e-002
    5.53865684e-004 -1.69306784e-003 1.14527717e-003 2.21279217e-003
    2.07053516e-002 -4.62428248e-003 2.07711849e-002 5.03546232e-003
    4.56336187e-003 8.69406480e-003 1.67816598e-002 2.69037019e-002
    -6.73065111e-002 4.73073572e-002 8.68762359e-002 5.52972369e-002
    7.40312552e-003 2.37369314e-002 7.40312552e-003 2.37369314e-002
    -4.85094413e-002 1.02495298e-001 7.08072186e-002 1.21073507e-001
    1.38707822e-002 1.40140921e-001 3.18873316e-001 2.96582848e-001
    2.18761012e-001 1.31684259e-001 5.17245710e-001 2.22994074e-001
    2.38952450e-002 2.20567640e-002 3.43625508e-002 2.64887046e-002
    -4.83211502e-003 2.70733656e-003 9.99716669e-003 8.04754440e-003
    -2.57147133e-001 1.21524602e-001 2.79771000e-001 1.37940824e-001
    2.70198524e-001 5.96087985e-002 2.93658257e-001 9.58606675e-002
    -3.92805738e-003 1.27654057e-004 9.29587055e-003 7.47920154e-003
    -4.67222744e-005 -1.66259561e-005 8.51904042e-004 1.50928122e-003
    -2.50903820e-003 2.97949626e-003 1.45553378e-002 1.51194688e-002
    1.13747688e-003 1.07833296e-002 1.89138185e-002 2.23018397e-002
    3.86899861e-004 -3.83289967e-004 1.01970043e-003 2.70844065e-003 0.
    0. 0. 0. 5.61605804e-002 1.11423545e-001 5.66955321e-002
    1.11423545e-001 3.49814408e-002 2.06958875e-002 3.67576852e-002
    2.32025627e-002 1.46548875e-004 2.45408708e-004 1.06899196e-003
    5.47862786e-004 0. 0. 0. 0. 4.77492183e-001 -1.39499307e-001
    5.05122840e-001 2.08092347e-001 2.92071351e-003 6.75232382e-004
    3.49220522e-002 3.36839780e-002 -3.73134762e-003 -3.79383261e-003
    5.63743385e-003 6.39043935e-003 1.79038085e-002 5.59430271e-002
    2.34883595e-002 7.04824924e-002 1.61322832e-001 1.28441975e-001
    2.08298907e-001 4.78659213e-001 8.74210820e-002 -5.56856245e-002
    1.04421631e-001 2.21999988e-001 -2.67056488e-002 -2.07653432e-003
    3.01922653e-002 2.17708424e-002 3.00119375e-003 -7.29197077e-003
    3.80462129e-003 7.36252312e-003 6.12463430e-002 -5.10655865e-002
    8.41411576e-002 7.89989680e-002 -1.52721987e-004 2.42203809e-004
    4.92923614e-003 4.26594913e-003 3.80997430e-004 -1.26975676e-004
    9.44955566e-004 6.97597628e-004 9.43846256e-003 2.69362656e-003
    9.97390226e-003 3.57788149e-003 -5.19577472e-004 1.86313270e-003
    1.29981795e-002 7.89056532e-003 -1.27749087e-003 -5.64082409e-004
    1.21239126e-002 1.19811576e-002 -1.26895728e-003 3.61509784e-003
    2.78098229e-003 4.50399937e-003 1.27619188e-002 1.06546395e-004
    1.66255925e-002 1.69315599e-002 -2.08796471e-001 -2.46179461e-001
    2.97846317e-001 2.72880465e-001 2.19045311e-001 -1.95272475e-001
    2.56425142e-001 2.38840669e-001 -1.00097787e-002 -1.78218272e-003
    1.62228029e-002 8.36296473e-003 3.49802002e-002 -2.42674630e-002
    4.82647307e-002 8.38962868e-002 -1.58371553e-001 2.42159337e-001
    3.75818491e-001 3.09959680e-001 2.00320393e-001 1.93440750e-001
    2.25496754e-001 2.43364438e-001 -1.95570174e-003 5.41763660e-003
    6.94715604e-003 1.01947114e-002 1.48062715e-002 -6.28352258e-003
    1.68340839e-002 9.10383742e-003 5.39357588e-003 -1.62589259e-003
    1.42512545e-002 7.51621881e-003 -6.05234597e-003 6.81627280e-005
    1.87526084e-002 1.15800407e-002 -5.66266105e-003 -1.08520426e-002
    5.94824925e-003 1.10312765e-002 -1.86134013e-003 1.31105119e-002
    2.75951438e-003 1.31105119e-002 6.62877560e-002 5.89842349e-002
    6.63674250e-002 7.81904608e-002 -1.92805554e-003 -9.92561225e-004
    4.11147717e-003 3.41024366e-003 4.73404885e-004 -2.70803110e-004
    1.54267810e-003 5.90628304e-004 2.85535697e-002 -1.72640644e-002
