<?xml version="1.0"?>
<opencv_storage>
<Descriptors type_id="opencv-matrix">
  <rows>17</rows>
  <cols>64</cols>
  <dt>f</dt>
  <data>
    -4.81766416e-003 -2.78341095e-003 6.80832239e-003 4.39361949e-003
    4.31657024e-002 6.55208901e-002 4.48143557e-002 6.75569028e-002
    -4.44077104e-002 6.95655718e-002 5.04924059e-002 6.97343946e-002
    5.34486212e-003 -5.68304851e-004 6.33031782e-003 3.91796045e-003
    -1.14037814e-002 4.70352918e-003 1.35731138e-002 1.33166201e-002
    2.67789453e-001 -1.50475100e-001 2.69089103e-001 2.67257422e-001
    -2.87471235e-001 -9.55538601e-002 2.91335702e-001 2.35302761e-001
    6.93511404e-003 -3.20573291e-003 6.93511404e-003 8.69240519e-003
    -2.86492631e-002 2.28963024e-003 5.10577820e-002 1.00523429e-002
    3.56591165e-001 -9.58531164e-003 3.56591165e-001 9.58531164e-003
    -3.40618819e-001 8.75321962e-003 3.43218178e-001 1.04174037e-002
    2.88866442e-002 1.02166031e-002 3.92882302e-002 2.13156249e-002
    -2.32953229e-003 -1.38555828e-003 2.58766813e-003 1.82716257e-003
    3.76691446e-002 -6.13662088e-003 3.76691446e-002 2.27498226e-002
    -3.58484052e-002 -9.63058323e-003 3.58484052e-002 2.99269632e-002
    2.79488158e-003 -2.06341920e-003 2.83114822e-003 2.06341920e-003 0.
    0. 0. 0. 0. 0. 0. 0. 1.42207881e-002 9.89344344e-003 1.42207881e-002
    1.03689292e-002 3.25070159e-003 1.63351651e-002 6.72250288e-003
    1.89883001e-002 0. 0. 0. 0. 0. 0. 0. 0. 4.13212955e-001
    1.39899418e-001 4.66633737e-001 1.42137319e-001 -1.12255365e-001
    1.16760414e-002 1.58498690e-001 7.61690587e-002 -3.94889042e-002
    2.35678330e-002 4.78130430e-002 6.25491217e-002 -4.66765352e-002
    1.96283773e-001 2.83603489e-001 3.05875987e-001 1.74555317e-001
    -7.66488239e-002 2.82625705e-001 3.48023266e-001 2.53027715e-002
    -1.45204300e-002 5.33177778e-002 1.48896709e-001 -3.67729482e-003
    1.98577717e-003 4.05549118e-003 3.43651325e-003 3.21614742e-002
    1.28994407e-002 1.11641690e-001 3.03096194e-002 4.79266513e-003
    3.82346548e-002 1.06881157e-001 1.10676758e-001 3.35860671e-003
    -1.83329582e-002 5.49992127e-003 1.99496541e-002 0. 0. 0. 0.
    8.02203454e-003 1.16929458e-002 8.02203454e-003 1.16929458e-002
    -6.84099039e-003 2.73522772e-002 1.21166036e-002 2.74133366e-002
    6.69098692e-003 6.14199438e-004 1.08579164e-002 4.99114580e-003
    2.65231519e-003 7.17626093e-003 3.88847217e-002 8.84450153e-002
    -6.72815964e-002 4.46074270e-002 2.68290490e-001 1.48429558e-001
    9.31989029e-003 2.25062366e-003 5.70872366e-001 1.37982070e-001
    2.69121621e-002 -1.20039154e-002 4.19433974e-002 3.08275297e-002
    -1.00742048e-002 -1.51403050e-003 7.74360746e-002 6.11280128e-002
    -9.47392359e-002 5.03470898e-002 1.72295898e-001 2.29390845e-001
    1.90343097e-001 2.36109067e-002 3.79544377e-001 4.85866427e-001
    -2.48318743e-002 7.31591694e-003 6.50823191e-002 4.23382036e-002
    7.34200608e-003 4.19578282e-005 7.34200608e-003 1.44176115e-003
    -1.69067476e-002 -3.23852487e-002 4.44445871e-002 8.02239850e-002
    5.78293018e-003 -2.28937366e-003 4.05346900e-002 1.54149439e-002
    -8.18543881e-003 1.44306070e-003 8.50705896e-003 3.93428747e-003
    8.32318037e-004 -1.73019804e-003 4.08495264e-003 1.63965952e-002
    -1.47319669e-002 1.01809446e-002 2.10081842e-002 1.01809446e-002
    1.26980208e-002 9.92052536e-003 9.70486701e-002 1.66509822e-002
    4.83587472e-004 5.23931114e-004 2.26099091e-003 5.66123228e-004
    7.57641671e-003 -2.04409994e-002 4.03325260e-002 8.39313641e-002
    -7.92821050e-002 -4.06109393e-002 1.48748934e-001 7.31858164e-002
    9.54619572e-002 -2.93143541e-002 4.85354096e-001 9.01794359e-002
    -2.51125079e-004 -2.55468045e-003 1.00363353e-002 3.67654138e-003
    -2.33131624e-003 1.67330317e-002 2.49056015e-002 6.81426078e-002
    2.83350479e-002 7.00613335e-002 1.95215121e-001 2.31510103e-001
    1.21636756e-001 8.46017450e-002 3.46754134e-001 6.56770825e-001
    -3.01182978e-002 1.45182861e-002 3.38654183e-002 7.64184594e-002
    -1.76820974e-003 2.00329814e-003 6.06276467e-003 9.03002080e-003
    -1.38919940e-002 -9.42485314e-003 3.68428566e-002 3.81794721e-002
    1.51801975e-002 -1.03928882e-003 4.94468436e-002 3.37294629e-003
    5.94106154e-004 -1.89942701e-004 2.16190843e-003 5.98946703e-004
    -5.66129526e-003 2.12749466e-003 1.44953197e-002 7.92181492e-003
    -1.58181209e-002 -8.65505729e-003 8.67398605e-002 5.30410111e-002
    9.87838581e-003 4.82626073e-003 4.03096639e-002 1.30771063e-002
    1.20298727e-003 8.35783954e-004 3.15612624e-003 1.35725935e-003
    1.86314583e-002 -2.82375552e-002 4.01839688e-002 5.13810776e-002
    -1.35503381e-001 -4.80191633e-002 3.28746796e-001 2.08962485e-001
    1.32800668e-001 -2.99020857e-002 3.46695036e-001 5.19642293e-001
    -1.30896131e-002 -8.77943728e-003 4.42332998e-002 3.53510678e-002
    4.02346114e-003 9.32158809e-003 2.31902096e-002 6.81311637e-002
    -8.12627748e-002 -5.05460426e-002 2.69417435e-001 1.11228630e-001
    5.23642749e-002 -1.50640309e-002 5.30142248e-001 9.54614729e-002
    2.42964886e-002 1.68764051e-002 3.72034349e-002 3.07137240e-002 0.
    0. 0. 0. 5.07081160e-004 -5.07081160e-004 5.07081160e-004
    5.07081160e-004 1.27888110e-003 -2.30983850e-002 1.34987645e-002
    2.30983850e-002 5.02216211e-003 -3.49161704e-003 5.37658064e-003
    5.36791235e-003 1.02106649e-002 -8.88087321e-004 1.26413712e-002
    2.88287527e-003 -2.85305325e-002 -2.86213442e-004 3.57729420e-002
    2.02372912e-002 1.08928429e-002 1.14536961e-003 9.58671421e-002
    6.23090984e-003 1.08896615e-003 4.28489584e-004 3.55855003e-003
    1.92044175e-003 -9.64798592e-003 5.46392193e-003 7.08597824e-002
    8.01216140e-002 4.09579799e-002 -7.60558024e-002 2.89665312e-001
    2.17244521e-001 3.32426727e-002 -9.89652276e-002 2.85514921e-001
    6.15230143e-001 -2.07408145e-002 -8.46831035e-003 2.79330611e-002
    3.38123366e-002 2.07669679e-002 -2.53831688e-002 4.01603095e-002
    5.74286804e-002 -1.15392007e-001 6.56659529e-002 2.71414191e-001
    9.21651199e-002 9.42049026e-002 -9.87109542e-003 4.93372232e-001
    3.43898572e-002 3.42413783e-003 1.34278380e-003 1.13515258e-002
    2.26208940e-003 4.35372954e-003 5.68195898e-003 6.30224682e-003
    1.06469505e-002 -2.28041001e-002 -5.60471788e-003 4.22438756e-002
    1.19053517e-002 1.49520878e-002 -1.29166832e-002 3.41830850e-002
    2.50222813e-002 -2.39926763e-003 -3.63147323e-004 2.96502537e-003
    2.06748955e-003 0. 0. 0. 0. 0. 0. 0. 0. 1.88588491e-003
    1.61179192e-002 8.10154714e-003 1.61179192e-002 0. 0. 0. 0.
    -2.41638385e-002 1.17133008e-002 3.54543440e-002 3.07834335e-002
    -6.36627227e-002 4.60748076e-002 3.13587308e-001 7.94816315e-002
    1.09133713e-001 2.54596993e-002 4.43596154e-001 3.16389680e-001
    -6.43961015e-004 2.20273472e-002 1.45451017e-002 2.20273472e-002
    -2.65872087e-002 7.04124942e-003 4.12707217e-002 5.31416386e-002
    -6.25384748e-002 4.92047891e-002 3.70607138e-001 3.77792507e-001
    1.48770735e-001 -3.37377103e-004 4.35536057e-001 2.43546024e-001
    -3.14227818e-003 -7.37006252e-004 6.72141537e-002 5.11870831e-002
    1.17263303e-003 -4.13791277e-003 2.77674966e-003 1.02752959e-002
    -1.24672353e-002 -1.33652277e-002 3.73721011e-002 2.30838861e-002
    7.64822587e-003 -3.38362753e-002 1.66872293e-002 3.38362753e-002
    -2.72027869e-003 -2.90408917e-003 2.83516734e-003 2.90408917e-003 0.
    0. 0. 0. 0. 0. 0. 0. 1.32699683e-002 -2.09123995e-002
    4.01027463e-002 3.99779230e-002 -1.13218010e-003 -6.26556866e-004
    1.83804322e-003 3.89311393e-003 0. 0. 0. 0. 0. 0. 0. 0.
    1.85436875e-001 -6.08965941e-002 5.09586275e-001 3.55524659e-001
    -2.63518635e-002 -8.03545490e-003 3.37996967e-002 5.83394095e-002 0.
    0. 0. 0. 1.08083434e-001 1.35401979e-001 3.75812560e-001
    2.83716202e-001 -2.30757743e-002 1.49516687e-001 2.28664428e-001
